Gene	baseMean	log2FoldChange	lfcSE	stat	pvalue	padj
Bmp3	Bmp3	282.936742213279	3.20361336871573	0.233979583380679	13.69185004276	1.13580090056356e-42	4.02300678979613e-39
Nkx3-1	Nkx3-1	1446.29874707407	3.10412511692509	0.369709830001819	8.39611193705564	4.61505705516872e-17	2.51485109067809e-14
Gpr30	Gpr30	26.7375709777023	2.91345312841643	0.315008811868576	9.24879882291021	2.27029558842564e-20	2.0103467435509e-17
AI646519	AI646519	26.0590918615472	2.74589556248743	0.400197102566576	6.86135792807402	6.82090198793464e-12	2.24740789221065e-09
Fgf4	Fgf4	49.7925525508676	2.72888007148092	0.267765392177512	10.1913098227117	2.16822942645577e-24	3.41327494600281e-21
Pax1	Pax1	812.836885185843	2.63893591424841	0.407181582355069	6.48098054677536	9.11284222620616e-11	2.30554908323016e-08
Dleu7	Dleu7	36.3597142616372	2.6106160116493	0.327103036429312	7.98102041530105	1.45128457936163e-15	7.34349997156983e-13
Heyl	Heyl	334.182133286965	2.59543149820529	0.260107645202887	9.97829762435787	1.89693326744155e-23	2.68757505331119e-20
Nbl1	Nbl1	143.735945540187	2.26559554844423	0.175248270397349	12.927919592629	3.1317878559315e-38	8.87423406856751e-35
Adra1a	Adra1a	92.402591649771	2.06761318917833	0.308818301552657	6.69524176120038	2.15315362448012e-11	6.3553917815905e-09
Arl5c	Arl5c	14.8998285545036	1.97862160348921	0.306961698431159	6.44582569617541	1.14972737475781e-10	2.85777849922258e-08
Cobl	Cobl	85.4845366768697	1.93466488446134	0.225092271905037	8.59498581665012	8.32750826236275e-18	5.12974508961546e-15
Fam101a	Fam101a	124.96541811221	1.89609819811615	0.18414648225895	10.2966843289997	7.2931870005662e-25	1.29162341780027e-21
Vtn	Vtn	86.1835113676775	1.86252824082413	0.330391009068935	5.63734541709492	1.72691503156231e-08	2.65944914860595e-06
Wnt7a	Wnt7a	35.9507258391661	1.86129757917779	0.37433632789591	4.97226007863001	6.61768437717839e-07	6.04899046812022e-05
Slc8a3	Slc8a3	90.8313536226887	1.85512542160208	0.188114595190281	9.86167723841728	6.10214210501842e-23	7.85955903126373e-20
Sv2b	Sv2b	97.0850635715195	1.8329968061096	0.369635864602199	4.95892574732234	7.08840514882762e-07	6.31625938041444e-05
Gm239	Gm239	41.4240229672907	1.78131754372492	0.315554505211915	5.6450391748603	1.6514364089124e-08	2.58595993578755e-06
Kcnj12	Kcnj12	9.24155248705454	1.77257955597255	0.366678740507591	4.83414869790044	1.33716611264346e-06	0.000105837818345992
Rab37	Rab37	145.902404365917	1.72947599188098	0.198269381467073	8.72285967245124	2.71262366629473e-18	1.92162260520319e-15
Nptx1	Nptx1	15.7930335262711	1.70560037279674	0.320911219928598	5.31486675092332	1.06735402760478e-07	1.3036441261297e-05
Nupr1	Nupr1	101.930931285425	1.69290523382612	0.298488168279219	5.6715991242993	1.41470706423056e-08	2.27767837341121e-06
Grb14	Grb14	73.1352191263108	1.63827228885965	0.19494593810644	8.40372620621186	4.32530457024213e-17	2.45123660604762e-14
Cldn1	Cldn1	253.529387008267	1.62035107040149	0.330470306946266	4.90316689984784	9.43037930986022e-07	7.90589432320116e-05
Tph1	Tph1	18.0309952421607	1.61952353771848	0.327997466529321	4.9376098994158	7.90858403797656e-07	6.95955395341937e-05
Mbp	Mbp	137.440535354859	1.58905114228468	0.180991945340369	8.77967878236984	1.63942198153899e-18	1.22249108602339e-15
Fut1	Fut1	18.0051048294577	1.57629843326529	0.332408111387305	4.74205766726513	2.11558379986249e-06	0.00015062974111042
Tnni2	Tnni2	36.0848563675952	1.52446308628321	0.267993908695074	5.68842438884595	1.28216859537961e-08	2.08801892636072e-06
Mal2	Mal2	14.6381051713899	1.49873926494551	0.418945004002182	3.57741290772787	0.000347011784585308	0.00790428129261197
Eya2	Eya2	197.837020928669	1.43455547849214	0.224002038467377	6.40420724877049	1.51152677249792e-10	3.56921855212508e-08
Zfp663	Zfp663	22.5139066333627	1.43215121064687	0.290593091254112	4.92837322617045	8.29171089348843e-07	7.20301262802964e-05
Barx2	Barx2	9.29780029451362	1.42865836846183	0.375865938439263	3.80097854675036	0.000144125781503163	0.00427191228522345
Apob	Apob	82.3812203643475	1.42561561949703	0.348584242442654	4.08973053258871	4.31874635793121e-05	0.00173337105946656
Cbr3	Cbr3	48.4344770399165	1.42150462872262	0.379535480108929	3.74538008492551	0.000180120867809831	0.00491705675362176
Fcrl6	Fcrl6	27.1215863642648	1.41355296760862	0.364232429374946	3.88090914923309	0.000104066713126451	0.0033662492958346
Chrna3	Chrna3	21.6852335378603	1.399320977232	0.333111522196351	4.20075825659125	2.66022522859984e-05	0.00123170166793472
Blnk	Blnk	66.0422401488498	1.39475085786936	0.263908754005969	5.28497382787772	1.25722730369788e-07	1.50952512193149e-05
Aldh1a2	Aldh1a2	3484.29026869359	1.39175805190426	0.282711584559509	4.92289006859321	8.5275361307971e-07	7.32231102431111e-05
Pnliprp2	Pnliprp2	82.1926992303627	1.37799343552099	0.272951503780562	5.04849182523214	4.45311522844654e-07	4.33145793433821e-05
Trh	Trh	43.331628140363	1.3751536961743	0.416693278585193	3.30015809432633	0.000966303770069948	0.0154173331242692
Abhd15	Abhd15	13.8436720562577	1.37464889614804	0.359065127014798	3.82841103945854	0.000128973232036908	0.00392294798011017
Stox1	Stox1	24.6182248341511	1.35812422346159	0.262423184570304	5.17532102083667	2.27519443106273e-07	2.47961189994591e-05
Rasd1	Rasd1	45.847011630964	1.32004995987856	0.215074673975142	6.13763552667816	8.37587559601978e-10	1.79802129461225e-07
Smoc1	Smoc1	3241.02537470056	1.30680293038762	0.150638167476125	8.67511170829095	4.13144725309306e-18	2.78734974675345e-15
Scg5	Scg5	95.2083287854033	1.30423602316525	0.208176594223937	6.26504640460336	3.7271439835024e-10	8.12402707050185e-08
Fgf15	Fgf15	234.631705770199	1.30353719381473	0.178124608273226	7.3181196379965	2.51469627836912e-13	1.04788873152746e-10
Chrnb4	Chrnb4	40.8360378916317	1.30259822666904	0.274097497483575	4.75231710843	2.01098647512684e-06	0.000148394043643735
Calml4	Calml4	36.8105319005833	1.2944201095534	0.185963867708649	6.96060006442426	3.38826394635751e-12	1.20012308979983e-09
Syt13	Syt13	130.63256172933	1.29279654561087	0.238154592724086	5.42839225069506	5.68639585263455e-08	7.82183072234236e-06
Fam169b	Fam169b	8.54227694122517	1.28832258384755	0.428357433804471	3.00758778108569	0.00263330061450962	0.02901135544819
Pax9	Pax9	146.715190517643	1.26641550917801	0.439778413713206	2.87966728172311	0.00398095044734397	0.0375632273650765
Gna14	Gna14	20.2797461109995	1.26222622405148	0.354294299667356	3.56264897639214	0.000367131440944966	0.00816564875244628
Ngf	Ngf	12.6146412208915	1.24499701930919	0.408644065280678	3.0466538611152	0.00231404014652118	0.0267049363338739
1300002K09Rik	1300002K09Rik	110.069364149488	1.22233335643896	0.226136986513175	5.40527834604248	6.47078263951998e-08	8.73124270825896e-06
Pnliprp1	Pnliprp1	35.2683089871687	1.21405869961401	0.379555852626002	3.19862990180337	0.00138082308570147	0.0193698034437806
Arl4a	Arl4a	584.104576558616	1.21158799960287	0.178894354376751	6.77264525101375	1.26448745725542e-11	3.98116850986552e-09
Trp53i11	Trp53i11	848.721289785888	1.21029556584987	0.203234448438883	5.95516938760428	2.59802601613987e-09	4.78036786969736e-07
Svopl	Svopl	60.4672839441791	1.21023274616487	0.246353184004244	4.91259226486807	8.98800639747606e-07	7.62527393050544e-05
Apod	Apod	22.8296387467615	1.20471686470562	0.395558706972898	3.04560825856923	0.00232210165265963	0.0267475904186029
Olig2	Olig2	112.965286596098	1.20331592879078	0.317534488738224	3.78955978474134	0.000150914488660591	0.00442682500071068
Wisp1	Wisp1	260.219703034803	1.19602302523263	0.218654243266479	5.46992826375205	4.50217768341193e-08	6.25361308025297e-06
Svip	Svip	32.1653920864262	1.18668149158862	0.282273533050953	4.20401260707079	2.62224322281607e-05	0.00122210335463349
Igfbpl1	Igfbpl1	227.978797033868	1.17983510690126	0.219622430517301	5.37210659276588	7.78220806403766e-08	9.93318232894465e-06
Aim1	Aim1	41.8307896318368	1.17455421450249	0.322795835504994	3.63869073052002	0.000274027642078253	0.0066027612805522
Scara5	Scara5	33.2290522018048	1.17302031692182	0.315299524293898	3.7203364627611	0.000198957540457516	0.00530853188926947
Slc30a10	Slc30a10	34.3608159088268	1.15519650059285	0.346134735341867	3.33741859063032	0.000845604898571056	0.014163988833351
A830018L16Rik	A830018L16Rik	45.3856759020593	1.15475909139536	0.268673194607962	4.29800633100129	1.7234124195647e-05	0.000881491233227171
Scg3	Scg3	27.811015928233	1.14659087171923	0.365716514761479	3.13519030571271	0.00171742658904372	0.022160310923055
C630043F03Rik	C630043F03Rik	267.46012397958	1.14492768501085	0.244809674906656	4.67680734206032	2.91375767067934e-06	0.000197522098938684
Cacna2d2	Cacna2d2	78.1769356956081	1.13962680989129	0.281393418532999	4.04994123825839	5.12304955485354e-05	0.00196171259711257
Lrrc55	Lrrc55	57.4544921088414	1.1365828934616	0.209892436032	5.41507314388555	6.12636568105412e-08	8.34599509318988e-06
Bhlhe41	Bhlhe41	27.2704396530744	1.13049516790393	0.295195981909987	3.82964280404281	0.000128329395900027	0.00392294798011017
Atp6v0e2	Atp6v0e2	204.274877789717	1.1253946908522	0.156105996034333	7.20917017565862	5.62938738802216e-13	2.09887264509205e-10
Lrrn1	Lrrn1	663.530064769456	1.12471992175035	0.235236428516845	4.78123192416099	1.7422422080366e-06	0.000129236060751113
Slc1a3	Slc1a3	414.15982787612	1.12376157506735	0.308279905716727	3.64526378212908	0.00026711767386902	0.00648838340274924
Zcchc12	Zcchc12	33.5847965152081	1.11991522011305	0.360061884991097	3.11034093525547	0.00186871513851383	0.0234980537373081
Lypd6b	Lypd6b	39.3913545045411	1.11429143059389	0.311422584014404	3.57806879716326	0.000346142351332911	0.00789717364522493
Bai1	Bai1	53.5706523050839	1.11121742871014	0.290046880015551	3.83116490910216	0.000127537984481488	0.00391954973415231
Fat2	Fat2	25.2509618178937	1.10586227865691	0.441728633301861	2.50348787759294	0.0122975893108395	0.0736400022637256
Dcn	Dcn	128.284774459311	1.10100663239234	0.28652200139233	3.8426599948419	0.000121708022329209	0.00380653258357666
Rgnef	Rgnef	202.623589548686	1.09888132416851	0.179711519771628	6.11469607271103	9.67411585593312e-10	2.04571452905762e-07
Slc9a7	Slc9a7	19.2258520392835	1.09682092420916	0.263622272906782	4.16057760262539	3.17443727308359e-05	0.00139675240015678
D630045M09Rik	D630045M09Rik	17.2666675665194	1.08782253090323	0.405339388096142	2.68373260248078	0.00728053106636799	0.0541757164644442
Zfp354b	Zfp354b	17.7677261410555	1.08295554819867	0.282881345837025	3.82830315302085	0.000129029768402833	0.00392294798011017
Wnt16	Wnt16	99.9595917280143	1.0821128628972	0.258472399323481	4.18657027105988	2.83201281769472e-05	0.00127783304462098
Cpeb3	Cpeb3	41.4587724758472	1.08210585585059	0.254212833926238	4.2566924696043	2.07473430847369e-05	0.00101361502353294
Glp2r	Glp2r	14.0560847863434	1.08025163587241	0.421184233535343	2.56479599629116	0.0103236483007666	0.0665145289337247
Fam174b	Fam174b	352.161888913936	1.07427459600853	0.125520042082875	8.55859015167659	1.14256115965658e-17	6.74491937917269e-15
Gad1	Gad1	127.4690927686	1.06148974042233	0.200425681730057	5.29617627471511	1.18252690278225e-07	1.43196932979649e-05
Igfbp5	Igfbp5	6768.381294068	1.05473201507929	0.246254350413169	4.28310002771383	1.84307263054538e-05	0.000929275908525516
Fxyd6	Fxyd6	2736.06720117968	1.04466933806829	0.11111362006655	9.40181174407419	5.36315054704159e-21	5.06567446336569e-18
Clu	Clu	404.553881214979	1.03902283146019	0.206149077808452	5.04015270165615	4.65160542341595e-07	4.48326160809233e-05
Hhip	Hhip	430.026005159723	1.03630795112542	0.257992187710888	4.01681911502969	5.89889669391789e-05	0.00219935706209023
Slc16a12	Slc16a12	20.2387272009707	1.01932983866079	0.341506475014617	2.98480384191005	0.00283760227988389	0.03041166435436
Steap1	Steap1	190.03141015994	1.01780338445321	0.214404755059753	4.74711199464564	2.06341710423547e-06	0.0001499404766816
Lum	Lum	353.246047352215	1.01328694786083	0.288968478094351	3.50656567990777	0.000453929394797827	0.00938871775984761
Bmp7	Bmp7	451.697417752316	1.0111460401137	0.157586398530943	6.41645503380897	1.39484123640011e-10	3.34951027751131e-08
Cd164l2	Cd164l2	8.536175576676	1.00810011815025	0.336112924193203	2.99928995759405	0.00270609637119593	0.0295605037680061
Avpr1b	Avpr1b	12.2008493689259	1.00670401548027	0.326221046933146	3.08595666939473	0.00202898387642059	0.0244903151852491
Spp1	Spp1	22.1520996323458	1.00433435018507	0.359277543212975	2.79542757168575	0.00518311142949205	0.0442407303829118
Cntn2	Cntn2	54.3713134227231	1.00395280789947	0.406083943240045	2.47227900687028	0.0134254691220352	0.0778837635279335
Gfra3	Gfra3	90.9613112142628	1.00093567835354	0.198202774581807	5.0500588625232	4.41673946126144e-07	4.33145793433821e-05
Bcl9l	Bcl9l	872.16254056959	-1.00262008256022	0.295435033297236	-3.39370748069505	0.000689533030951314	0.0124002408460581
Kcnh7	Kcnh7	33.6752652999049	-1.00612122879389	0.371604941548231	-2.70750228616997	0.00677916038604366	0.051981967209359
Tmem145	Tmem145	12.1600370428975	-1.0063243805764	0.389041029346362	-2.58667930800807	0.00969057358839753	0.0641270652033705
Ecm1	Ecm1	123.939754897156	-1.00758058704428	0.252066154274126	-3.99728630742118	6.40727874223399e-05	0.00233363303907381
Treml2	Treml2	36.4190373310191	-1.01164543179621	0.25273521796652	-4.0027877394207	6.26004618536469e-05	0.00229789187420272
Gng4	Gng4	16.5272731543667	-1.01258659391895	0.317022286058147	-3.19405492436966	0.0014028942355608	0.0195631944187258
Rnf207	Rnf207	12.8232393209176	-1.01364010887286	0.370084216978704	-2.7389444412086	0.00616367884829493	0.0490390866191405
9130024F11Rik	9130024F11Rik	41.3159507166613	-1.01452329734673	0.326255238089758	-3.10960002753311	0.00187340839521685	0.0235096989755822
Baiap3	Baiap3	12.0378252009712	-1.01803207324891	0.38590519716142	-2.63803670107889	0.00833875565931956	0.0586611172697316
Susd5	Susd5	18.8153418656849	-1.01901085440924	0.300635345289175	-3.38952445338412	0.000700139640735493	0.012414991777147
Prdm16	Prdm16	95.7793578343814	-1.01920291484715	0.251718758039757	-4.04897482724023	5.14424769568956e-05	0.00196452025208975
E330013P04Rik	E330013P04Rik	27.3672788194706	-1.01950079785003	0.335100514946877	-3.04237311605341	0.00234720750199175	0.0269491376727869
Adcyap1r1	Adcyap1r1	141.042188513338	-1.01998594032169	0.193315020800294	-5.27628911658859	1.31826053989628e-07	1.55642627743754e-05
Alx4	Alx4	987.536033488223	-1.02119847268947	0.322570923441823	-3.16581067441948	0.0015465141547044	0.0207294347623955
Amh	Amh	20.6377095851658	-1.02673536549156	0.431964038877391	-2.37690009603551	0.0174588159852722	0.0916617294684142
Ccdc102a	Ccdc102a	469.811841545738	-1.02759167610537	0.260270300905143	-3.94817108418329	7.87505195438095e-05	0.00270320441216569
Gng8	Gng8	37.8821025943163	-1.03112307361442	0.373480538636858	-2.76084820209868	0.00576514654434314	0.0472142174799154
Gabre	Gabre	28.8923927776603	-1.03272523729507	0.318640032260714	-3.24104046176498	0.00119094278544317	0.0178176107541276
Lgr6	Lgr6	16.8551043055574	-1.03304931281673	0.318478666420204	-3.24370019640095	0.00117987863256597	0.017708178459952
Tnfrsf25	Tnfrsf25	11.2968675697741	-1.03614628945782	0.398618541142922	-2.59934293695163	0.00934024103609994	0.0626574502838371
Lrrtm4	Lrrtm4	40.1152483719145	-1.03638596563418	0.277879256657834	-3.72962695416424	0.000191763468741629	0.00516521829872891
4930562C15Rik	4930562C15Rik	11.5365707093324	-1.03776168913746	0.392862026963236	-2.64154236834544	0.00825294841231735	0.0582599766346349
Irx5	Irx5	346.498325843785	-1.04601747210242	0.261937175147223	-3.99339067283788	6.51351179980712e-05	0.00235416926478743
Peg3	Peg3	25695.2712641222	-1.0485335269633	0.156088265032008	-6.71756795264709	1.84782603576845e-11	5.57021261165264e-09
Vstm2l	Vstm2l	10.3577377247244	-1.04877327002779	0.440301759085674	-2.38194203949052	0.0172216078012697	0.0912133604965941
Isg20	Isg20	9.45548491481069	-1.04920918275669	0.384255364948051	-2.73049976256946	0.00632383786652416	0.0494900329859104
Naaladl1	Naaladl1	107.481716133092	-1.04994461853113	0.236533902991497	-4.43887580280139	9.04299776004807e-06	0.000514542940820727
Fmod	Fmod	65.4559516856676	-1.05188021199591	0.370276395357701	-2.84079737510612	0.00450008949686512	0.0407915982031894
Tle6	Tle6	38.56042411974	-1.05208465055994	0.214936459913216	-4.89486358426455	9.83739433538264e-07	8.10326761300589e-05
Grip2	Grip2	16.7985638075988	-1.05457326393035	0.365511974363502	-2.88519484420933	0.00391171480779566	0.0372570275994386
Tbx20	Tbx20	148.461085407628	-1.06142237713453	0.362128976263058	-2.93106171201139	0.00337805667895222	0.0339675706369021
Shox2	Shox2	33.3506317401753	-1.06192460657093	0.450938854069057	-2.35491929113811	0.018526729145952	0.0951038762825538
Nfkbid	Nfkbid	12.8964097470676	-1.06234672416848	0.344285989811033	-3.08565191616298	0.00203106439459823	0.0244903151852491
Mme	Mme	151.966919185439	-1.06255781927624	0.233280411532582	-4.5548523011236	5.24223985999901e-06	0.000321524044746606
Agap2	Agap2	32.1945078233573	-1.06813899259373	0.313395857024273	-3.40827413206999	0.000653751821617558	0.0120988973286976
Ptpru	Ptpru	523.32277736754	-1.07453505323512	0.219437282534777	-4.89677524631585	9.74221555994954e-07	8.10326761300589e-05
Irx3	Irx3	1131.38883163127	-1.07469147896078	0.310381183194925	-3.4624891493047	0.000535203494366509	0.010584196960812
Bambi	Bambi	1045.72214000834	-1.07477824595466	0.113616493647029	-9.45970264927962	3.08820138168614e-21	3.36566439813302e-18
Prr22	Prr22	34.0409525963191	-1.08316568834016	0.389305385654335	-2.78230337481616	0.00539745600162405	0.0452176864104089
Scube1	Scube1	2050.57944718704	-1.08481729559349	0.274280828039593	-3.95513351533594	7.64919216618562e-05	0.0026497250516019
Aebp1	Aebp1	381.591075305035	-1.08931078754219	0.192970206365293	-5.6449687651788	1.65211240362999e-08	2.58595993578755e-06
Wnt1	Wnt1	30.3620346987703	-1.09082470104242	0.438329256466231	-2.48859660848685	0.0128248388187421	0.075740857183801
Dusp5	Dusp5	252.865296566308	-1.09088444479916	0.334204044214411	-3.26412700170468	0.00109801934416132	0.0168362966104736
Rnf128	Rnf128	291.966655577612	-1.10025588490812	0.190934276505377	-5.76248489818507	8.28844614101948e-09	1.41482777019234e-06
Atoh8	Atoh8	372.783546732293	-1.10465627392271	0.229661153108787	-4.80993959565923	1.50975913281025e-06	0.000116886707069156
Nr2f1	Nr2f1	1167.87216329414	-1.11760893306396	0.261823005278623	-4.26856659090992	1.96733099048184e-05	0.00098491680117126
Gm20605	Gm20605	14.4200756122562	-1.11972707290652	0.442114874806944	-2.53266093658455	0.0113200391715735	0.069640605724209
Papln	Papln	12.8423783126901	-1.12021984709433	0.351353233438044	-3.18830094754732	0.00143111504199564	0.0198979763640767
Ibsp	Ibsp	31.5566548054991	-1.12220452791948	0.300726760290371	-3.73164172964163	0.00019023593029974	0.00514842805850809
Col9a2	Col9a2	71.6268129986002	-1.1260686404689	0.324898524003568	-3.46590876004269	0.000528442575466315	0.0104859697304842
Mir483	Mir483	9.16528840089745	-1.13023591451118	0.423591074788467	-2.66822410050918	0.00762533777122194	0.0556949868445995
Syt12	Syt12	47.8825587668989	-1.13391444781369	0.26685946991322	-4.2491070231925	2.14624367323298e-05	0.00104136919049195
Sst	Sst	21.4995179592956	-1.1371186229169	0.442589746242398	-2.56923851619038	0.0101922278822256	0.0660281136878703
Adam4	Adam4	11.1948813812773	-1.13916707164333	0.380209279982502	-2.99615798882068	0.00273404741344336	0.0296816009260515
Vwa5b2	Vwa5b2	19.2442649792074	-1.14230321024888	0.313182259145972	-3.64740714676454	0.000264899993048915	0.00647086741640867
Alx3	Alx3	302.808355166836	-1.14285645093913	0.408036958260109	-2.80086503882476	0.00509658288790656	0.0438690075065979
Myf6	Myf6	8.91848826210309	-1.14450158600478	0.455469755840976	-2.51279381633491	0.0119779316753991	0.0725537990496171
Kcnh5	Kcnh5	12.501175713122	-1.14817933984192	0.40974813523001	-2.80215879249186	0.00507618813393183	0.0438265895682792
Rhbdl1	Rhbdl1	97.6693568380759	-1.15160181748263	0.358022808730704	-3.21655992132288	0.00129737437809942	0.0185856422537034
Fgfr4	Fgfr4	41.5295835692141	-1.15334671540199	0.275019957909106	-4.19368370270484	2.74460613721777e-05	0.00125460326673655
Klhdc8a	Klhdc8a	110.768552729259	-1.15421825742213	0.250213756273419	-4.61292885975809	3.97034222838057e-06	0.000259224924846525
Gm10818	Gm10818	13.0844070831899	-1.15598593191678	0.386161118549301	-2.99353268982515	0.00275767964925536	0.0297795771879954
Gata6	Gata6	738.21622923838	-1.16447514805496	0.208248498217104	-5.59175772226203	2.24782331382275e-08	3.38799582023837e-06
Tmod1	Tmod1	11.0123495406758	-1.16710129837649	0.375210917774034	-3.11052062477393	0.0018675785294726	0.0234980537373081
Prnd	Prnd	15.712452325467	-1.16777691469651	0.405341949105252	-2.88096733455357	0.00396456726331285	0.0375217027298708
Mir3072	Mir3072	12.5265284848218	-1.16909262440105	0.426062630524589	-2.74394546867817	0.0060705621170409	0.0486877627280206
Gpr50	Gpr50	345.008947104692	-1.17235589601465	0.2287473013463	-5.1251135603118	2.97358466202209e-07	3.07516405047657e-05
Magel2	Magel2	320.658626346224	-1.172724016099	0.28386775527413	-4.13123362661076	3.60821637608135e-05	0.0015169498402469
Cdk3-ps	Cdk3-ps	18.81483647786	-1.1742946376185	0.306687474953831	-3.82896183743821	0.000128684957789244	0.00392294798011017
Gata3	Gata3	246.680453051819	-1.18069670020516	0.231499932912227	-5.10020320676646	3.39289018413766e-07	3.40925305878456e-05
Lmcd1	Lmcd1	22.2437976049689	-1.20820754239159	0.373507234861064	-3.23476342524133	0.001217435584872	0.0180803221870719
Slc38a5	Slc38a5	98.5373972862944	-1.20988541359346	0.27713350884192	-4.36571318513344	1.26708652819022e-05	0.00068519396684729
Il15	Il15	21.0548876051092	-1.21384113055522	0.252312176725015	-4.8108701938636	1.50274592845002e-06	0.000116886707069156
Dmpk	Dmpk	478.786033356658	-1.21389547673015	0.319732942402701	-3.79659182944388	0.000146699035960698	0.00432384922336297
Cabp1	Cabp1	144.667356297269	-1.21502431525657	0.257973877782339	-4.70987344029355	2.47870659665161e-06	0.000172148603241961
Pkd2l1	Pkd2l1	9.10896083951392	-1.21731536058494	0.419356331731832	-2.90281860192201	0.00369820777437197	0.0360359062911294
A2m	A2m	102.28317834852	-1.21813412933335	0.200481207084133	-6.07605145165627	1.23177901510756e-09	2.44135264927544e-07
Tmem151a	Tmem151a	9.62240423207116	-1.22193800745951	0.431154946455177	-2.83410411385956	0.00459543574288859	0.0412860707706059
P2rx2	P2rx2	10.3766225202261	-1.22780170008178	0.408403553746005	-3.00634431022943	0.00264409416297898	0.0290850357927688
Slc10a4	Slc10a4	8.66977448613955	-1.23081356066877	0.391979397417909	-3.13999554256301	0.00168950405344247	0.0219202320779971
Tec	Tec	51.447339828476	-1.23519575675397	0.262958616344808	-4.69730094386525	2.63621891905404e-06	0.000179567065601719
Col1a1	Col1a1	3879.34692542439	-1.24293539211539	0.271156783495436	-4.58382554953236	4.56545176985424e-06	0.000287481425223533
Prrx2	Prrx2	1067.6804681945	-1.25270096659939	0.221950658298356	-5.64405159328457	1.66094264650386e-08	2.58595993578755e-06
Zbtb4	Zbtb4	75.3798737407494	-1.25534413399598	0.1949147850063	-6.44047671373623	1.19098828198068e-10	2.90929689294868e-08
Rasa4	Rasa4	21.20222776944	-1.25661505642125	0.324589154757438	-3.87140185678818	0.00010821122547253	0.0034750293401483
Prdm13	Prdm13	9.1012749629166	-1.25703453008588	0.450919845732759	-2.78771170083046	0.00530817593112479	0.0448456986238378
Pax8	Pax8	148.259018471759	-1.25884384811938	0.321534825492751	-3.91510887254656	9.03634227891637e-05	0.00299128264971232
Col9a3	Col9a3	35.0477753209613	-1.26901664610644	0.329545054283617	-3.85081381016352	0.000117725976541815	0.00373141305513298
5730457N03Rik	5730457N03Rik	221.524220810292	-1.2690679229629	0.269249527977231	-4.71335245226582	2.43674184766312e-06	0.000170067775850695
Hand2	Hand2	1332.45611311577	-1.282894846372	0.22393288434344	-5.72892565615536	1.01068673273199e-08	1.70469162254128e-06
Msx1	Msx1	420.197971009394	-1.28376833945812	0.465823640517621	-2.75591066617314	0.00585289800381254	0.047684795237502
Plxna4	Plxna4	302.641396927306	-1.29290053194091	0.250633880525875	-5.15852257974131	2.48906094683148e-07	2.6919859156266e-05
Unc5b	Unc5b	1578.41747240955	-1.29758636924084	0.22031383067508	-5.88971815915876	3.86854808985e-09	6.93792270088541e-07
Ccdc74a	Ccdc74a	34.0243544539677	-1.2977810805011	0.298301274164015	-4.3505716968126	1.35783047499615e-05	0.000728702354914599
Sp6	Sp6	240.128571978003	-1.29796800019823	0.213364531184201	-6.08333537441456	1.17707771140339e-09	2.41693290074829e-07
Smad7	Smad7	551.834533286197	-1.30048455136234	0.197720685449525	-6.57738237355206	4.78802354824047e-11	1.34300255675247e-08
Asb12	Asb12	29.4089299206604	-1.30265788923083	0.283450519339926	-4.59571530249562	4.31267214845954e-06	0.000275233959456643
Unc5a	Unc5a	42.385435657537	-1.3073897671314	0.328410326825487	-3.98096423997692	6.86362754928981e-05	0.00246187025616046
Tshr	Tshr	26.4719140832175	-1.30785565394834	0.374083409219592	-3.49616053990947	0.000472004630707342	0.00962634835769679
Rxfp3	Rxfp3	100.701318630136	-1.30998295585583	0.29855716084269	-4.38771239704434	1.14549109764579e-05	0.000633957729353344
Klk14	Klk14	8.76705633833249	-1.31471460532327	0.418665298809331	-3.14025215144954	0.0016880247477251	0.0219202320779971
Hoxa13	Hoxa13	44.7546486234321	-1.31636093372871	0.461113158682888	-2.85474597491152	0.0043071264049023	0.0398065015685947
Clvs2	Clvs2	18.2116435688661	-1.32532829222748	0.35371482672307	-3.74688362516707	0.000179045098863645	0.00491647862944282
Cyp26c1	Cyp26c1	11.7916555941914	-1.33070371777234	0.449656994398707	-2.95937511113731	0.00308263621183823	0.0320666592138943
Sytl2	Sytl2	97.80761066761	-1.33343070083298	0.3253136365466	-4.09890810292537	4.15103798498878e-05	0.00168853007629347
Dio3	Dio3	84.6846186641587	-1.33587806838083	0.351344234101768	-3.80219152249952	0.000143421785781073	0.00425995777976151
Gpx6	Gpx6	61.5455891502196	-1.34413035653235	0.36380411470072	-3.69465407953971	0.000220186342730981	0.00572403688772944
Abcc8	Abcc8	35.1895090129274	-1.3524071449877	0.325146201281169	-4.15938165557165	3.19110306469217e-05	0.00139973833500182
Evx1	Evx1	253.36733597723	-1.35300939919568	0.309165064964208	-4.37633339766999	1.20692362592162e-05	0.000657680535848364
Msx3	Msx3	46.5499862784591	-1.36754594822363	0.382954170217087	-3.57104336387928	0.000355562015634631	0.00801623444934887
Aqp3	Aqp3	15.9954425814398	-1.37651136068056	0.381412597475281	-3.60898242426239	0.000307400433098992	0.00718688009265102
Oprk1	Oprk1	20.3630838276308	-1.37730043886313	0.338955944911596	-4.06336121121093	4.83710880247952e-05	0.0018931535224732
Sct	Sct	27.9116931720613	-1.37966344317006	0.415265244804679	-3.32236675337226	0.000892572902955184	0.0146339794016343
Kremen2	Kremen2	8.59616489773404	-1.38048416864012	0.437237603580991	-3.15728600956071	0.0015924506963036	0.0211055579656028
Grin3a	Grin3a	11.3977306498792	-1.38257449822174	0.391167705527723	-3.53448016971779	0.000408578092595051	0.0088135773799332
Hpgds	Hpgds	8.61957791720458	-1.38806240789484	0.43816815599137	-3.16787605149968	0.00153556973288533	0.0207199542623994
Abca4	Abca4	119.210323852727	-1.39134448141088	0.240251287577402	-5.79120509796489	6.98831761134662e-09	1.20744492582389e-06
Iigp1	Iigp1	17.839479229808	-1.3918554759774	0.402012939512356	-3.46221561342211	0.000535747769438039	0.010584196960812
Nog	Nog	55.7054212680856	-1.39194591851096	0.296081602659197	-4.70122393964866	2.58606711089207e-06	0.000177861159354946
Olfm2	Olfm2	33.1011645327083	-1.3927550099765	0.315238307994927	-4.41810203472768	9.95714149838354e-06	0.00055981262202023
Cyp26b1	Cyp26b1	90.1215271454893	-1.40090330631925	0.291016496943003	-4.81382781057125	1.48066399905093e-06	0.000115900815130131
Rprm	Rprm	226.446201760278	-1.40590629947161	0.266952552258733	-5.26650255851082	1.39047309889345e-07	1.60164413537581e-05
Isl1	Isl1	509.480138738468	-1.42285160659105	0.376219270407862	-3.78197428602879	0.00015558943753556	0.00453578426132472
Smad6	Smad6	495.314469264698	-1.43790470926513	0.259720658784726	-5.53635092407864	3.08838472253717e-08	4.57471935969859e-06
Chrna6	Chrna6	18.2046648008407	-1.44669866306447	0.383173080652944	-3.7755748932029	0.000159639049236841	0.00459708546664138
Wdr52	Wdr52	8.90552225012116	-1.44778390877953	0.378686228823648	-3.82317549089897	0.000131743943333134	0.0039798468851681
Id1	Id1	1522.5190327764	-1.44980967804946	0.35233396248712	-4.11487347917093	3.87391842877329e-05	0.0016095506246
Slco4a1	Slco4a1	17.6630461867064	-1.4512487013316	0.404899304608323	-3.58422127381882	0.000338085382564667	0.00775079886759904
Shank1	Shank1	75.3423358182015	-1.45286687610368	0.325433636666382	-4.46440291478869	8.02923452741988e-06	0.000472025704499937
Rasgef1c	Rasgef1c	8.18352080128478	-1.45599824403544	0.388641497633165	-3.74637873953888	0.000179405664273146	0.00491647862944282
Zim1	Zim1	858.570269793904	-1.45908368937464	0.271505841214196	-5.37404161490413	7.69910763671744e-08	9.91645063609206e-06
Gdf10	Gdf10	41.6351700942446	-1.48892775965325	0.344641467753103	-4.32022231497662	1.55872087958823e-05	0.000811910199338457
Irf7	Irf7	9.05375498381894	-1.49461015728274	0.394691494712411	-3.78678075739071	0.00015261164178337	0.00446735896856773
Amot	Amot	4260.82856712952	-1.50333417737554	0.203154284503944	-7.39996294464738	1.36222505166976e-13	5.84848622183549e-11
Rgs5	Rgs5	78.8745658017417	-1.50934655807825	0.2186356122246	-6.90347991674717	5.07438332596331e-12	1.71175864195829e-09
Tle2	Tle2	62.972186502427	-1.52317975754506	0.331795644174611	-4.59071655788064	4.41726870626983e-06	0.000280201952682646
Sphkap	Sphkap	23.4759910551446	-1.53823668093926	0.40191733265934	-3.82724644085716	0.00012958475959734	0.0039229847734511
Tbx3	Tbx3	762.820236642099	-1.5584182578421	0.291043579090257	-5.35458731889364	8.57519028017661e-08	1.06573066569774e-05
Wfikkn1	Wfikkn1	405.552757550616	-1.57906687926579	0.292926629253373	-5.39065664084756	7.02006937071974e-08	9.16293329029671e-06
Cux2	Cux2	123.405377910203	-1.6199979564873	0.320915881008245	-5.04804546100254	4.46352949190696e-07	4.33145793433821e-05
Gata4	Gata4	127.961278361384	-1.62614529525417	0.36043312395168	-4.51164220820108	6.43276324182321e-06	0.000382938611807358
5930403L14Rik	5930403L14Rik	64.5798713522383	-1.6464935876918	0.35299599372854	-4.66434072041618	3.09608031728128e-06	0.000206911631770005
Fgfr3	Fgfr3	426.794640080047	-1.65704743232561	0.228330039114653	-7.25724674138712	3.9504869698694e-13	1.55473609414194e-10
Evx2	Evx2	9.10473517965644	-1.66754985220383	0.466895348826491	-3.571570923538	0.000354846424715733	0.00801623444934887
Hs3st1	Hs3st1	19.6955281878232	-1.68592209067201	0.389270139170335	-4.33098232056862	1.48445601772912e-05	0.000781506357991473
Prdm6	Prdm6	237.196644423988	-1.68999790402305	0.194999592426203	-8.66667403247332	4.44926423309892e-18	2.8653261661157e-15
Adamts2	Adamts2	108.736045298301	-1.70466533924008	0.27935677968945	-6.10210835453893	1.04678369178761e-09	2.18100460959513e-07
Baiap2l2	Baiap2l2	14.3599423246637	-1.72412667262241	0.422792557966656	-4.07794943438524	4.54346444506897e-05	0.00180279053000283
Dok4	Dok4	1233.16571381017	-1.72552344143575	0.189704427829535	-9.09585222220684	9.38475412322419e-20	7.82136449516708e-17
Snai2	Snai2	511.848778100998	-1.72655667636646	0.166010524203656	-10.400284467799	2.47194126344285e-25	5.00320911720834e-22
4930412O13Rik	4930412O13Rik	87.2243588778826	-1.73536398474207	0.321586373940189	-5.39626092822211	6.80439726443421e-08	9.00978508808448e-06
Abca6	Abca6	8.86181014151322	-1.73738703847144	0.371599966576362	-4.67542302136997	2.93348300504828e-06	0.000197912320073924
Tbx2	Tbx2	229.688794338314	-1.81068474511577	0.344574939948149	-5.2548358432225	1.48156558248625e-07	1.67926569381321e-05
Barx1	Barx1	124.288022821198	-1.81939621868172	0.37983964588605	-4.78990605216479	1.66859417773182e-06	0.000124844119141504
AI314831	AI314831	12.0569089833132	-1.84561974309965	0.358435983439431	-5.14909168825548	2.61750914135306e-07	2.80945981171895e-05
Col9a1	Col9a1	954.102523523912	-1.85048037099254	0.194942828499814	-9.49242598577717	2.25718867129365e-21	2.66498742457403e-18
Irf5	Irf5	36.1626059213942	-1.86069131736687	0.285232178937213	-6.52342707018502	6.87188332752719e-11	1.80297857378528e-08
Igfn1	Igfn1	15.6945555287896	-1.87657999393124	0.415066750939581	-4.5211522958253	6.15039181398091e-06	0.000367674055782622
Car7	Car7	39.3548628664867	-1.88367873310408	0.393315545489659	-4.7892303131802	1.67422237696823e-06	0.000124844119141504
Rab32	Rab32	77.0870049367774	-1.91986502157722	0.284285080308629	-6.75330910610207	1.44510603316548e-11	4.45092658214969e-09
Ntsr1	Ntsr1	46.8920913263102	-1.92988262602069	0.27879123024031	-6.92232185480579	4.44300353318435e-12	1.53532863556478e-09
Wt1	Wt1	321.189966705754	-1.93557285171876	0.305223023655861	-6.34150343095059	2.27533689515031e-10	5.11697986198247e-08
Plcb2	Plcb2	25.7100036239521	-1.95067099874295	0.304782452780788	-6.40020769222548	1.55165738606459e-10	3.60391505668247e-08
Adh1	Adh1	141.880815008285	-2.08184323766765	0.220539334472593	-9.43978199012098	3.7355581144171e-21	3.7803848117901e-18
Dlx3	Dlx3	22.8905968183953	-2.11393279202542	0.357181741144545	-5.91836745420296	3.25152886474486e-09	5.90611037893656e-07
Lgi1	Lgi1	15.4204659729818	-2.12393951737062	0.379466763695964	-5.59716876567446	2.17880590314976e-08	3.31928193933611e-06
Msx2	Msx2	342.398279472469	-2.13578207251141	0.202715528650093	-10.5358582380632	5.90422325251199e-26	1.39418391735983e-22
Hand1	Hand1	784.844372437643	-2.15818337911751	0.238592815152067	-9.04546676203133	1.49027107499333e-19	1.17300892169475e-16
Wnt4	Wnt4	125.476322014557	-2.16506568481966	0.274236997515183	-7.89487087605599	2.9061595505506e-15	1.41980925904141e-12
Unc5d	Unc5d	17.6896259178132	-2.20138089263354	0.304869866843851	-7.22072310859455	5.17118518172131e-13	1.98014463931426e-10
P4ha3	P4ha3	91.6001261161842	-2.21510028139659	0.291372095843297	-7.60230754076016	2.90896411254838e-14	1.32949043698663e-11
Fam107a	Fam107a	17.9949207927914	-2.34678445474117	0.346400152818619	-6.77477892444807	1.24596635819897e-11	3.98116850986552e-09
Msx1as	Msx1as	99.4351971889515	-2.34813581971518	0.30796619801833	-7.62465437708663	2.44689080814437e-14	1.15558496565965e-11
Myf5	Myf5	81.0759053028179	-2.37129017834503	0.325643143214698	-7.28186736848204	3.29230681916389e-13	1.33272580039754e-10
Gata5	Gata5	111.399658329306	-2.5616759846301	0.345843173745684	-7.40704509759627	1.29144555467959e-13	5.71787519334387e-11
Id3	Id3	2423.13073722541	-2.66394687485492	0.376709427879959	-7.07162252308641	1.53132509226695e-12	5.56302920698413e-10
Id2	Id2	2846.49785823884	-3.02233310072253	0.166282490131545	-18.175895118792	8.01106067945856e-74	5.67503538532844e-70
Smad9	Smad9	177.215685254922	-3.33596219712869	0.235695198933304	-14.1537129828117	1.77151343866145e-45	8.36626746631849e-42
Grem1	Grem1	226.627654353377	-4.6174045426858	0.238976919822707	-19.3215501568578	3.53862816197245e-83	5.01352837988257e-79
