Gene	baseMean	log2FoldChange	lfcSE	stat	pvalue	padj
Barx1	Barx1	124.288022821198	5.17291741958076	0.397433994523462	13.0157900201348	9.95078033676823e-39	4.37983596522853e-35
Gata4	Gata4	127.961278361384	3.81824014780697	0.364708375283505	10.4692965848094	1.1952786837714e-25	2.10440765064792e-22
Lhx9	Lhx9	208.703881065622	3.76141983929873	0.461114670068119	8.15723307771376	3.42786511298304e-16	1.84800939454701e-13
Lbx1	Lbx1	15.4874809077852	3.74480415048239	0.43151682608773	8.67823436790168	4.01960067706142e-18	3.21677679637924e-15
Rspo4	Rspo4	163.307065525265	3.66456293549244	0.298879159995125	12.2610185854116	1.46644874580347e-34	5.16365932372318e-31
Myog	Myog	46.5376986598497	3.44652604906256	0.466447581544119	7.38888180672574	1.48068710829645e-13	4.57350477695918e-11
Ankrd2	Ankrd2	8.69091018223726	3.43433144080979	0.452736074793523	7.58572517636477	3.3063256927378e-14	1.23853553502855e-11
Nkx2-5	Nkx2-5	4.65904469036858	3.37112235382495	0.453473753280188	7.43399663032323	1.05364655179777e-13	3.37281839835482e-11
Nxf3	Nxf3	53.5587788053333	3.30834502734418	0.387543334550688	8.53670991704666	1.38097676787953e-17	1.0571076945777e-14
Shox2	Shox2	33.3506317401753	3.29620268440955	0.44831550585407	7.35241730738282	1.94653960534571e-13	5.6181600478224e-11
Hs3st2	Hs3st2	4.61930301932286	3.15074528280178	0.459073717903625	6.86326652980649	6.73034828366205e-12	1.46289520842166e-09
3110047P20Rik	3110047P20Rik	4.71369891813599	3.09794916523833	0.458789892598243	6.75243551616592	1.45383685643812e-11	2.81277491147797e-09
Sfrp5	Sfrp5	15.3000406092149	3.0821731258974	0.378921702312461	8.13406333574378	4.15135481646816e-16	1.9753716999659e-13
Ttn	Ttn	49.312617132475	3.07684424786035	0.353979454479246	8.69215489465856	3.55628768612097e-18	2.98152385723075e-15
En1	En1	47.2588531257812	3.02844502107304	0.411068165631817	7.3672574873763	1.74173880735451e-13	5.28707817970404e-11
Unc45b	Unc45b	11.9084023643914	3.00997692100584	0.4230633167429	7.11471971661168	1.12140490938893e-12	2.70458285406869e-10
Cdh8	Cdh8	20.4454533239729	3.00516851245293	0.371765167922777	8.08351285098652	6.29273215845634e-16	2.84076518927647e-13
C130021I20Rik	C130021I20Rik	288.737757233092	2.95543867501918	0.409436444619022	7.21830876039675	5.26380947573337e-13	1.38320342730988e-10
Dcx	Dcx	84.0396148766997	2.90661206539388	0.343732016005982	8.4560411310167	2.76608074160643e-17	1.94798470146891e-14
Alcam	Alcam	465.180034066635	2.90412372754997	0.244372167266679	11.8840200176346	1.43305941300541e-32	4.20507400422887e-29
Vgll2	Vgll2	6.56261463879055	2.89483258418265	0.451831035655653	6.4068918594358	1.48516078657872e-10	2.19854493880857e-08
Enpep	Enpep	5.66463510823712	2.85099209116517	0.441932060510234	6.45119996017837	1.10967967634686e-10	1.71377371769849e-08
Lamc3	Lamc3	54.5942127219277	2.72868206858403	0.334086781509859	8.16758465046755	3.14624970151193e-16	1.78686684660707e-13
Nrxn1	Nrxn1	15.371875300758	2.72419491521276	0.359378134566626	7.58030234226094	3.44750615119342e-14	1.26451652703982e-11
Synpo2l	Synpo2l	25.9378013874358	2.66686475472606	0.362171442138141	7.36354235712724	1.79092934150576e-13	5.34425457399159e-11
Tecrl	Tecrl	4.98339952846745	2.61974085959628	0.459167993646224	5.70540825111325	1.16064563202948e-08	1.20913177500065e-06
St18	St18	12.0535555003583	2.5947877878418	0.45759578937348	5.67048003521726	1.42397963900551e-08	1.44916679331393e-06
Slc16a12	Slc16a12	20.2387272009707	2.52647871031356	0.336644087229599	7.50489554444614	6.14776035425359e-14	2.08148978455747e-11
Sphkap	Sphkap	23.4759910551446	2.51430625873073	0.386042663222348	6.5130269223186	7.36513033285952e-11	1.18963747376445e-08
Sec1	Sec1	35.8991113402297	2.49843250942756	0.309485427634808	8.07285993567264	6.86703671777642e-16	3.02252621132929e-13
Hic1	Hic1	26.8199789843833	2.49419999479103	0.397107725561933	6.28091531400347	3.36585457795541e-10	4.52360577858649e-08
Tnnt2	Tnnt2	48.0979276921831	2.46762257229709	0.375783563012626	6.56660592739705	5.14750338910027e-11	8.79873249208731e-09
Tfap2c	Tfap2c	104.014010420011	2.46303350713823	0.446976520222415	5.51043152314271	3.57955048576181e-08	3.37013721135414e-06
Fam19a2	Fam19a2	15.7939534946999	2.42840553693478	0.431313915539953	5.63025084385396	1.79947717385902e-08	1.81037686416925e-06
Sema3d	Sema3d	199.359805219304	2.40513497840849	0.318170129508383	7.55927334261316	4.05327322451043e-14	1.42723856781461e-11
Angptl1	Angptl1	54.5365470858816	2.39709423345506	0.293906640914996	8.15597165818499	3.46383676133427e-16	1.84800939454701e-13
Stxbp5l	Stxbp5l	11.1064761604665	2.39627210316983	0.40775311966793	5.87677196711906	4.18343849621022e-09	4.81396197152138e-07
Myl4	Myl4	26.2998435287502	2.39548875629113	0.413364337583632	5.79510262132004	6.82794168695979e-09	7.56054976984994e-07
Wif1	Wif1	60.044113965291	2.3651291910895	0.287517474302719	8.22603633683606	1.93510333048136e-16	1.13564764121516e-13
Itga11	Itga11	38.4015531985572	2.35736716578663	0.331888086461865	7.10289781991768	1.22167732223227e-12	2.8840846529293e-10
Pcdh10	Pcdh10	26.3896574362155	2.35508475966194	0.325082229625696	7.24458166284149	4.33775988005157e-13	1.15713030982103e-10
Myh3	Myh3	31.8118740716557	2.34161985199012	0.45556166118606	5.14007224816435	2.74632849486195e-07	2.03159073447645e-05
Bcl11a	Bcl11a	53.8787333551399	2.33673211110857	0.432882322655094	5.39807700341322	6.73589584147129e-08	5.84197941797751e-06
1110032A04Rik	1110032A04Rik	3.73404830567963	2.29939297708963	0.462782803244267	4.9686223450182	6.74302503616707e-07	4.56552950710599e-05
Cdo1	Cdo1	158.683455126003	2.29593152723616	0.307844269182442	7.45809409846604	8.77829716257385e-14	2.86204999711621e-11
Myl7	Myl7	52.0843934031064	2.29354612304112	0.37649425887991	6.09184886341836	1.11614035925985e-09	1.37417952203698e-07
Stk32a	Stk32a	24.8565311299989	2.28394697054036	0.359868299600551	6.34661895219865	2.20098378754665e-10	3.12504198093116e-08
Chrng	Chrng	8.00517057606768	2.28203713052659	0.464603721379611	4.9117926213553	9.02474758331599e-07	5.77780748915859e-05
Sod3	Sod3	16.5449157263718	2.26130384892328	0.347390477911706	6.50940078299446	7.5451170343377e-11	1.19675072528423e-08
Mybph	Mybph	11.7069458462075	2.25043475601574	0.459098409776375	4.90185700515041	9.4934932062449e-07	6.03402315484288e-05
Ntrk2	Ntrk2	95.6902111041846	2.24822155703198	0.349962928631763	6.42417059950254	1.32590439017028e-10	2.02990197333374e-08
Alpk2	Alpk2	11.756190056243	2.23709927223542	0.375609779167264	5.95591328105227	2.58623448566816e-09	3.09749961596419e-07
Krt23	Krt23	6.84325527052476	2.20100321166109	0.456449374881346	4.82200947746557	1.42119191454849e-06	8.42474910691605e-05
Runx2	Runx2	15.3432447816101	2.18558774842811	0.381517447563476	5.72867050350162	1.0122078307998e-08	1.06712162090187e-06
Frmpd1	Frmpd1	20.4811433950262	2.17321845105582	0.372950603468399	5.82709460943387	5.64006416228481e-09	6.36531856674271e-07
Fitm1	Fitm1	5.43576056495083	2.15544714914737	0.464131052263929	4.64404856911335	3.41647190066435e-06	0.000179553445621184
2610203C20Rik	2610203C20Rik	26.9608368871566	2.14187696113917	0.431143284382754	4.96790055353775	6.76816540585404e-07	4.56552950710599e-05
Otogl	Otogl	5.76120847119645	2.10761624029439	0.458958667899891	4.59217003121098	4.38660740539127e-06	0.000218783597675124
Mybpc3	Mybpc3	4.95156744006936	2.10436502940157	0.442847412188752	4.75189641280921	2.01517611312903e-06	0.000114819387209546
Wfdc1	Wfdc1	25.427578462892	2.09924124213829	0.411494232277624	5.10150830187576	3.36957237802633e-07	2.43680296137632e-05
D030045P18Rik	D030045P18Rik	13.5198096187693	2.09901160993348	0.373142975990147	5.62522074645431	1.85270897501681e-08	1.84295898528933e-06
Gja3	Gja3	3.39860762115211	2.09807705921824	0.454055186603431	4.62075342628052	3.82348978485981e-06	0.000195119887397802
Figf	Figf	77.3211732347025	2.09743151302815	0.280367752013681	7.48100128479042	7.37584577864685e-14	2.45017246752559e-11
Tbx5	Tbx5	308.741544980809	2.09336199034564	0.458146739494089	4.56919543432144	4.89600080575545e-06	0.000240108607760809
Ccdc85a	Ccdc85a	22.7319143115302	2.07651797931932	0.30699396930671	6.76403508514763	1.34200562648772e-11	2.67103883026033e-09
Cntn2	Cntn2	54.3713134227231	2.07604469035634	0.409398934212946	5.07095773062395	3.95818687415464e-07	2.81642306036116e-05
Nostrin	Nostrin	20.1942793320174	2.0665079518078	0.310242556763596	6.66094288728567	2.72076364936734e-11	4.98976716778764e-09
Lmx1b	Lmx1b	119.624225778649	2.06359343517134	0.345806596426219	5.9674785168872	2.40948000183108e-09	2.90556882960535e-07
Zic4	Zic4	45.5240951562139	2.05215504643556	0.466558652394207	4.3984931710186	1.09005055996122e-05	0.000492087952786598
D930028M14Rik	D930028M14Rik	9.98470442444594	2.04193056168031	0.443115842833071	4.60811906120347	4.06327983198291e-06	0.000204950527266929
Diras2	Diras2	7.47911487872795	2.04157252704776	0.451064284903271	4.52612320544413	6.00755642516679e-06	0.000292179664147753
Cyp26b1	Cyp26b1	90.1215271454893	2.03735950321926	0.277024881354014	7.35442785233321	1.91746637645982e-13	5.6181600478224e-11
Phactr3	Phactr3	41.2528957986172	2.02096681553121	0.262762126606814	7.69124090152953	1.45714773582806e-14	5.830577962952e-12
Col5a3	Col5a3	34.7478528548229	2.01384340887421	0.436199831515014	4.6167908911833	3.89719609223411e-06	0.000198306457803103
Lama2	Lama2	45.2493698995635	2.00082759988935	0.389862956390005	5.13213057843791	2.86480630359239e-07	2.10157415754365e-05
Csrp3	Csrp3	2.46307467049943	1.99765588692331	0.450015540348053	4.43908200454206	9.0343391680798e-06	0.000419679618451749
Cpa4	Cpa4	27.9251308635136	1.99030763212817	0.298228370850365	6.673770260197	2.49313806181544e-11	4.71980523831426e-09
Dpt	Dpt	11.5429458159283	1.98426712236993	0.396224702265176	5.00793390978927	5.50174182546541e-07	3.79857515996643e-05
Slc36a2	Slc36a2	4.45654628001818	1.97708973733027	0.456394173791319	4.33197847576877	1.47775391433351e-05	0.00064082106935359
Ctsk	Ctsk	13.3290688414741	1.97309633369992	0.367094359281167	5.37490234816896	7.66241980671723e-08	6.45476378550543e-06
Fibin	Fibin	68.3937822904416	1.9702681374433	0.241968268015137	8.14267157262144	3.86650028051618e-16	1.94496011253622e-13
Dach2	Dach2	83.3245949460948	1.96997246535735	0.312864948793887	6.29655854051949	3.04326381496519e-10	4.121515594329e-08
Hrc	Hrc	23.5633298319901	1.96962935554658	0.341321733823975	5.77059460433408	7.89923026210207e-09	8.58480543176352e-07
Myh7	Myh7	7.52427039750981	1.96393845488562	0.463629714418809	4.23600643748115	2.27530256249344e-05	0.000923017901273261
5930403L14Rik	5930403L14Rik	64.5798713522383	1.96344151766048	0.332397364603918	5.90691060381934	3.48582782283639e-09	4.06433673171241e-07
Hcn1	Hcn1	3.82996788192795	1.96027035816214	0.464836565527884	4.21711737745071	2.47445189201379e-05	0.000992373576555691
Phox2b	Phox2b	7.10844688627881	1.93011832046374	0.463080540982762	4.16799703215253	3.07287934724947e-05	0.00118642793394022
Nkx3-2	Nkx3-2	70.7974913808706	1.92538034711483	0.265049790410208	7.26422135303326	3.75193182355245e-13	1.01625402593022e-10
Col12a1	Col12a1	128.238183182444	1.92262155620489	0.284279016046991	6.76314974963569	1.35023546457554e-11	2.67103883026033e-09
Slc17a7	Slc17a7	2.919276380122	1.91991866431536	0.461446306875907	4.16065452406289	3.17336819098035e-05	0.00121193753514968
Tnnc2	Tnnc2	15.5013326435337	1.91824154041522	0.368829188452542	5.20089407365881	1.98332119347402e-07	1.50510141949585e-05
Gdf2	Gdf2	1.57941466799631	1.91798142303021	0.410507001784257	4.67222584436748	2.9795307550871e-06	0.000160912940104489
Apod	Apod	22.8296387467615	1.91520230725452	0.35674034189461	5.36861712102167	7.93426585334112e-08	6.58918323650584e-06
Hgf	Hgf	125.865561925042	1.91186241941839	0.303075998221541	6.30819474533532	2.82308859558503e-10	3.8830701417086e-08
Ptger3	Ptger3	3.55970702724323	1.90410004128076	0.460660193343358	4.13341562565081	3.57411542274054e-05	0.00132475528700568
Adra1d	Adra1d	6.96442991993447	1.89196548573921	0.441168108650319	4.28853638475221	1.79854340062126e-05	0.000761181613253316
Lhx3	Lhx3	8.99705625908017	1.89166153580328	0.445397183626425	4.24713403080228	2.1652244029927e-05	0.000890676187829193
Calb2	Calb2	4.61011223718949	1.88035716347373	0.461834043521592	4.07149968663108	4.67114252017283e-05	0.00164151966487351
Pax7	Pax7	43.2835693521175	1.87546401760677	0.306082063453922	6.12732414452343	8.93692873908252e-10	1.12388262414491e-07
Cmklr1	Cmklr1	79.4822625631171	1.87208247763238	0.274929740261617	6.80931235686233	9.8066349652017e-12	2.00762343252722e-09
Efemp1	Efemp1	75.6592519517265	1.86774733345505	0.259118565060043	7.20807994989571	5.67463113757369e-13	1.46922876188415e-10
Gbp11	Gbp11	1.87100537213966	1.85381505412944	0.441171521277096	4.20202792955232	2.64534486259955e-05	0.00104660543035792
Synpo	Synpo	224.684544864361	1.84948125395086	0.252554619550255	7.32309413799035	2.42317684480621e-13	6.77181770312035e-11
Palmd	Palmd	3.77747928960181	1.83797021791991	0.464367758077992	3.9580056667311	7.55781651459724e-05	0.0024370497720879
Flrt2	Flrt2	814.836285268152	1.82964504234786	0.270691863803258	6.7591430959213	1.38810248314184e-11	2.71543692424392e-09
Tnnc1	Tnnc1	17.4634255925217	1.82957510937837	0.386915795221336	4.72861312971666	2.26058655944329e-06	0.000127156188388366
Gm16551	Gm16551	25.944604085299	1.81140804164627	0.444888241615814	4.07160242101997	4.66908240527435e-05	0.00164151966487351
Csn3	Csn3	14.1321972704926	1.81104145632477	0.420914769769671	4.30263223434946	1.68780876057599e-05	0.000723250881883043
Chrnd	Chrnd	3.03870503716479	1.80743640688052	0.45366919963257	3.9840403720252	6.77533544874953e-05	0.0022355355893175
Ccdc3	Ccdc3	9.68988868958463	1.8071642642257	0.408360109274392	4.42541821099229	9.62556216017837e-06	0.000441321998416928
Col8a1	Col8a1	16.1225122785908	1.80426588830127	0.419490180689885	4.30109206688464	1.69958422422731e-05	0.000726283491547232
Nhlh2	Nhlh2	33.7327108186975	1.79731979967495	0.383972698848687	4.68085310508815	2.85683592222877e-06	0.00015620327095267
Acta1	Acta1	30.1663212789299	1.78905098432648	0.386299760646666	4.63125056389268	3.63463691485287e-06	0.000187109407961695
Lepr	Lepr	34.0864032586974	1.78886954272744	0.330558500098056	5.41165797338986	6.24438723025378e-08	5.46958614805214e-06
Sned1	Sned1	72.4375381712052	1.78439520372406	0.353790672687462	5.04364682700492	4.56741988186539e-07	3.21655977760488e-05
Col25a1	Col25a1	88.0882182613027	1.78098143329822	0.313091587084897	5.68837205074852	1.28256154318317e-08	1.32051336428555e-06
Slc18a3	Slc18a3	2.53366048496197	1.7773427231297	0.462675275076145	3.84144737977881	0.000122310958306288	0.00369625992402227
Gal	Gal	39.7294032722163	1.77682727589053	0.431843807477854	4.11451373186972	3.87996462305331e-05	0.00142313869069743
Nfia	Nfia	31.3722265607658	1.77095333740167	0.33158886504317	5.34081063660296	9.25318732218109e-08	7.57728446485211e-06
Sytl2	Sytl2	97.80761066761	1.76923935140529	0.322037019239583	5.49390053225232	3.93151981709741e-08	3.66234592062524e-06
Tnfrsf11a	Tnfrsf11a	8.34744648907919	1.75064142005731	0.424717995562009	4.12189132165396	3.75774479675233e-05	0.00138407646216781
Capn6	Capn6	3520.50840774929	1.73309155720868	0.273225763883902	6.34307516455549	2.25223473644407e-10	3.17222758158675e-08
Zcchc12	Zcchc12	33.5847965152081	1.73065103060379	0.372818996673313	4.64206772199512	3.44939757358942e-06	0.000180207993117553
Tmem8c	Tmem8c	2.20050665859861	1.72407023099638	0.460271702074396	3.74576630113514	0.000179843955170111	0.00499716813902251
Sec16b	Sec16b	45.5589990240262	1.72193492123771	0.262637787158238	6.55631065076044	5.5155273893015e-11	9.24851629691689e-09
Nfib	Nfib	83.6411119018899	1.72130356026442	0.405746052551003	4.24231745310214	2.21223466437888e-05	0.00090578147676871
Prdm16	Prdm16	95.7793578343814	1.71621986217849	0.250710301489785	6.84543017171718	7.62464043087572e-12	1.61734240272287e-09
Zic1	Zic1	550.262461065429	1.71546268811384	0.458226571968047	3.74369971768783	0.000181330345113074	0.00502756229300911
Gm9899	Gm9899	16.7089509616822	1.71243691399938	0.412060261331559	4.15579242818925	3.24162031226429e-05	0.00123532396575163
Adarb2	Adarb2	4.66735906360055	1.70431843715092	0.452772297645272	3.764184438877	0.000167093525290942	0.00472206838888014
Arhgap20	Arhgap20	29.0558656289113	1.70411241679418	0.345957629493986	4.92578359750787	8.40229478763185e-07	5.438632427612e-05
Dmrta1	Dmrta1	24.6071863958218	1.69808188680762	0.368543014737745	4.60755412232131	4.07433173596644e-06	0.000204950527266929
Asb4	Asb4	1821.05996711138	1.69236038768567	0.256857643327197	6.58870947254571	4.43665974213292e-11	7.81118314199923e-09
Osta	Osta	19.448717017974	1.69083962581824	0.337228493020186	5.01392871840467	5.3329750143498e-07	3.71116039931394e-05
Ccl6	Ccl6	5.03080819322047	1.68757348341274	0.429396203909983	3.93010806347631	8.49076927028159e-05	0.00268864179447082
Hoxc5	Hoxc5	517.079117927789	1.68728767906545	0.15440928998142	10.9273715284131	8.52829970931624e-28	1.87686555852777e-24
Dbc1	Dbc1	8.55939134262509	1.68583172103881	0.412036345456994	4.09146362845501	4.28659183345289e-05	0.00154334838077242
Aldh1a7	Aldh1a7	22.1663939883366	1.68143025685727	0.311478723586332	5.39821865679127	6.73058092544726e-08	5.84197941797751e-06
Cps1	Cps1	8.44478702296905	1.67606605699971	0.437965185658658	3.82693901680579	0.000129746642406287	0.00384837606098219
Lgi4	Lgi4	36.5413241237687	1.67564827205102	0.333708169834811	5.02129831846937	5.13233752642018e-07	3.59999739004596e-05
Tbx15	Tbx15	48.4015483514842	1.67112830393707	0.436432055280564	3.82906865734868	0.000128629121199358	0.00383838018277271
Gm7325	Gm7325	1.7898185790446	1.67024719071841	0.451965354681417	3.69552040531014	0.000219436854605897	0.00587143656867998
Aox4	Aox4	14.0749942943415	1.66915560792887	0.356215443403486	4.68580360239524	2.78863579812928e-06	0.000152949289289296
Myoz1	Myoz1	1.85944943817892	1.66832014736337	0.460362452191675	3.62392749326298	0.000290162980190192	0.00736110868764917
Col6a3	Col6a3	94.2193816747748	1.66796759604508	0.323961546240904	5.14865920168421	2.62355057487016e-07	1.9489549122854e-05
Pde8b	Pde8b	56.4322846238769	1.66481265070615	0.265210130949806	6.27733429618207	3.4442701882501e-10	4.59392582835842e-08
Fam190a	Fam190a	32.2336720754407	1.65154669579257	0.378509471761885	4.36329027145597	1.28120764995367e-05	0.000563923547127109
Bmpr1b	Bmpr1b	150.372113565566	1.64972802454126	0.232698803399199	7.08954236309982	1.34556208587101e-12	3.07661897192793e-10
Kcnq5	Kcnq5	62.4356825903854	1.64964268378378	0.260301277113702	6.33743599753142	2.33620203858456e-10	3.2643788167714e-08
Ryr2	Ryr2	36.7991678797107	1.64878885054661	0.306070366290708	5.38696009851728	7.16593347712844e-08	6.12443809700599e-06
Ntn5	Ntn5	13.4076913309941	1.6457254973036	0.413098312591086	3.9838591617116	6.78050667213192e-05	0.0022355355893175
Adamts16	Adamts16	10.6903810245575	1.64535354032871	0.451368602185263	3.64525474825425	0.000267127057696751	0.00687578797925291
4833424O15Rik	4833424O15Rik	4.3638383738233	1.63989767806699	0.458849128866241	3.57393656193479	0.000351654162138714	0.00857510135542133
C1qtnf2	C1qtnf2	11.6507203370403	1.63459057853632	0.403296714812811	4.05307189098976	5.05494601385299e-05	0.00176582102222015
Hoxa4	Hoxa4	229.495715986707	1.62891004815006	0.176519584223696	9.22792819456119	2.75916896836998e-20	2.69877382539566e-17
Lhx2	Lhx2	242.195487104966	1.62677735539615	0.456655906518859	3.56237011757334	0.000367521747494954	0.0088881701736211
Xirp1	Xirp1	1.36230824244333	1.61597399532794	0.379656424550821	4.25641156274341	2.07734152846146e-05	0.000860521852818148
Gdf6	Gdf6	49.2481349042306	1.61246704791331	0.342993048568491	4.7011653870044	2.58680887392418e-06	0.000143648014866088
Cobl	Cobl	85.4845366768697	1.6027249365194	0.240435404096246	6.66592735185472	2.62999338092262e-11	4.87406983837092e-09
Musk	Musk	1.90693219860085	1.60159655327763	0.453341607944752	3.53286908858543	0.000411075972766331	0.00983342877245111
Ephx1	Ephx1	11.0638007431189	1.59241021888665	0.406528770943768	3.91709107129079	8.9623897290345e-05	0.00281268865542569
Scrt2	Scrt2	9.92370793227343	1.59046979400505	0.397244645796933	4.00375388525207	6.2345225319714e-05	0.00209475197896734
4833403I15Rik	4833403I15Rik	5.03112098538607	1.58871817063187	0.439840010676441	3.61203649524413	0.000303801797500617	0.00760844160283907
Obscn	Obscn	9.79332875600634	1.58431154039601	0.442955135848079	3.57668624241753	0.000347977421940673	0.00849721288583564
Ppfia2	Ppfia2	2.48449314781419	1.58340305669768	0.463215436520165	3.41828646426975	0.000630167438316105	0.0136773732230169
Slc5a7	Slc5a7	10.8993234534861	1.58236430175432	0.38602044810307	4.09917223175655	4.14630407870955e-05	0.00150826094235042
Chrna1	Chrna1	10.4289092727192	1.58170106052721	0.433422859425241	3.64932542465502	0.000262929851508661	0.00679756676308589
Kirrel3	Kirrel3	21.3756501921685	1.57896798539013	0.285506669737654	5.53040665158896	3.19489279085996e-08	3.040501755453e-06
Spock3	Spock3	54.5639730091898	1.57232144070169	0.251254170457073	6.25789191017757	3.90216110506214e-10	5.12697376236746e-08
2810055G20Rik	2810055G20Rik	11.8628537014261	1.56915004680745	0.397246459848114	3.95006678576168	7.81293896644267e-05	0.00250554833229854
Fam19a1	Fam19a1	2.02788804086037	1.56913909771661	0.453007180521351	3.46382831263456	0.000532546287321461	0.012035956270323
Onecut1	Onecut1	9.57313759171352	1.56877921479632	0.446166019684782	3.51613333508604	0.000437881019542455	0.010357880865689
Adcy8	Adcy8	10.9780023221771	1.56871892153455	0.407978656830079	3.84510046119377	0.000120503059294302	0.00366420874254832
Slc10a4	Slc10a4	8.66977448613955	1.56740146072268	0.42887390060358	3.65469071099169	0.000257492201379516	0.00668938385157221
Fam71b	Fam71b	2.27791682689414	1.56147456620285	0.462026896359515	3.37961832634918	0.000725865543837688	0.0153232479194321
Grik1	Grik1	12.36588501717	1.5614384754108	0.39249118749289	3.97827651974756	6.94166140111263e-05	0.0022758825070389
Fzd5	Fzd5	89.4567089825954	1.55860009138973	0.246976744979149	6.31071598065361	2.77747502127154e-10	3.85041143500053e-08
Cpt1a	Cpt1a	20.6907057798444	1.55823055519423	0.392662154189919	3.96837469200191	7.23644917798525e-05	0.00235935044865941
Gpr12	Gpr12	3.3253639978173	1.54763012948365	0.463995690506494	3.33544074039624	0.000851643030228204	0.0174146657261298
Irf5	Irf5	36.1626059213942	1.53562863574673	0.285588715399266	5.37706342353148	7.57105094152261e-08	6.40845783059842e-06
Sim2	Sim2	10.321671204648	1.53281480158284	0.466303105340773	3.28716404421683	0.00101201861859979	0.0199748876671165
Tcerg1l	Tcerg1l	27.6992055886355	1.53096876812732	0.316938093768398	4.83049781086292	1.36192111943756e-06	8.18361202348729e-05
Pkdcc	Pkdcc	2481.97968597533	1.5268918118077	0.237879081293912	6.41877294759325	1.37377121050547e-10	2.06723213095379e-08
Shisa7	Shisa7	11.2843407076367	1.52019451818156	0.415122460203898	3.66203870885443	0.000250216039660384	0.00656528106447202
Hopx	Hopx	103.393718882066	1.5192596094476	0.341129507991129	4.45361533921337	8.44363160019968e-06	0.000396422874541641
Dnm3os	Dnm3os	103.360786447856	1.51857506940323	0.441471455876287	3.43980352339877	0.000582136625652262	0.0128595952713096
Soat2	Soat2	12.0776359646084	1.51778010977758	0.408992029791861	3.71102613063142	0.000206420792089236	0.00559976034749319
Gata5	Gata5	111.399658329306	1.51552129991675	0.336945568493118	4.4978223239274	6.8653032287757e-06	0.00032845252349409
Cpa2	Cpa2	223.69749801211	1.5145344300356	0.250136493579758	6.05483193739855	1.40564340034396e-09	1.71859428517054e-07
Gcg	Gcg	0.864231233637832	1.5128526425655	0.365926401721569	4.13430852610798	3.56024932788818e-05	0.00132239978199998
Il1r1	Il1r1	21.5946043982021	1.5065538781499	0.303717757474254	4.96037469352647	7.03573347857877e-07	4.70992865489954e-05
Cntn3	Cntn3	14.4253744948958	1.50623732113587	0.345279191252136	4.36237502663738	1.28658081265081e-05	0.000564876353803746
Irs4	Irs4	115.405837369251	1.50436868079782	0.296182671897505	5.07919207818618	3.79043335924113e-07	2.72385182542038e-05
Kbtbd10	Kbtbd10	10.8026219509775	1.50400594521854	0.432326805284668	3.47886350518613	0.000503544994204429	0.0115585569334592
Col9a1	Col9a1	954.102523523912	1.49364634270927	0.195438117993612	7.642553858189	2.12954876554038e-14	8.33174123691198e-12
5031414D18Rik	5031414D18Rik	6.3831392986808	1.49080431973163	0.429297750350803	3.47265812251151	0.000515331345311904	0.0117221235989165
Cxcl13	Cxcl13	33.130649660924	1.48906376652632	0.282567516067691	5.26976273581853	1.36600214313549e-07	1.08332584378574e-05
Gpc5	Gpc5	11.8239988467852	1.48849915299204	0.373279119299704	3.98763037103324	6.67365325228911e-05	0.00221273708398874
Lhx4	Lhx4	2.44515933521474	1.48347622988707	0.464672306890146	3.19252128411814	0.00141036550204979	0.0264015715175076
Adm	Adm	10.075681777	1.48165788375852	0.398982251874481	3.71359346636965	0.000204336948433302	0.00556036524593002
Cdh6	Cdh6	137.408322764756	1.47872676110813	0.182653928238823	8.09578406205788	5.68966756593904e-16	2.63611282015586e-13
Tdrd12	Tdrd12	7.29397515063398	1.47480990501652	0.431968968774404	3.41415706132989	0.00063979681763951	0.0137873473333675
Erbb4	Erbb4	4.9988614297792	1.45875296351135	0.464027851682637	3.14367544582008	0.00166840369013992	0.0300962247629133
Mecom	Mecom	830.883679802658	1.45601871606434	0.228468647848413	6.37294757848088	1.85429280724674e-10	2.69807265821373e-08
4933401D09Rik	4933401D09Rik	1.23818476035903	1.45368304387938	0.426359005478406	3.40952817977479	0.000650753545306856	0.0139721547788689
Scara5	Scara5	33.2290522018048	1.45110277141419	0.359249908377412	4.03925717884867	5.3620746716051e-05	0.00183310071200543
Frmpd4	Frmpd4	1.62878894599275	1.44973088684241	0.436881175244156	3.31836428070451	0.000905463129235422	0.0182189529752215
Ina	Ina	41.0601635380339	1.44687422899952	0.41136148078963	3.51728174991535	0.000435990727827961	0.0103311611764994
Agmo	Agmo	16.1524858961386	1.44671038069814	0.376598052808999	3.84152379415482	0.000122272880598313	0.00369625992402227
Dync1i1	Dync1i1	20.6244683953491	1.44640735531233	0.32710969206752	4.42178079827049	9.78907406354354e-06	0.000447653085617526
Chrna4	Chrna4	101.949284410165	1.44602412781132	0.280337073083794	5.15816232189559	2.49385377539301e-07	1.87635852861407e-05
Cacna1i	Cacna1i	5.10425032614384	1.44429033992233	0.45198442286987	3.19544273395933	0.00139616486714018	0.0262616224902457
Flrt1	Flrt1	27.050922916052	1.44240146740213	0.294458433166609	4.89848924308443	9.65763248010496e-07	6.11626897283194e-05
Abcc8	Abcc8	35.1895090129274	1.44009299046498	0.308085032165087	4.6743361089133	2.94906025986652e-06	0.000159757399800646
a	a	16.6909250297816	1.43800948622875	0.441043259429728	3.26047265315448	0.00111226692393419	0.0216621365738776
Gria2	Gria2	14.9477855113326	1.43351933611325	0.416658094912443	3.44051718571432	0.00058060356349103	0.0128418421341998
Gsc	Gsc	16.9588705729412	1.43287835310858	0.449397291709064	3.1884445668538	0.00143040432834384	0.0266776468271416
Oprl1	Oprl1	19.7242739235737	1.42878108294209	0.315074891594574	4.53473482355613	5.76759018606755e-06	0.000281285852675638
Sntg1	Sntg1	2.64065532835195	1.42468626046037	0.464483097160651	3.06725103490173	0.00216037341631498	0.0369635902503805
Cp	Cp	95.0765542336604	1.4234724267666	0.305378255038364	4.66134180571491	3.1415448768857e-06	0.000167099816019485
A930011O12Rik	A930011O12Rik	10.3411122864434	1.41640682954993	0.450048005398932	3.14723498950828	0.00164822440242533	0.0299404555652363
Rarres2	Rarres2	20.888675314261	1.41187848752885	0.363281486682833	3.88645868090026	0.000101717230460729	0.00315843661285994
Kcnc4	Kcnc4	5.42921430185557	1.4093760543234	0.427220824230923	3.29894044107175	0.000970504999889714	0.0193726882404289
2700070H01Rik	2700070H01Rik	7.41281572236055	1.4080114364573	0.423599833656527	3.32391876621692	0.000887620471142349	0.017999150589419
Chrm3	Chrm3	5.15410609098245	1.4029370726546	0.43936432424066	3.19310648418998	0.0014075103293801	0.0263941314123576
Atp2a1	Atp2a1	46.4133153644945	1.40029501734187	0.303031575520444	4.62095415283677	3.81979189387327e-06	0.000195119887397802
Mc2r	Mc2r	19.9047273639102	1.39925535516749	0.411206405645297	3.40280534533908	0.000666977806738692	0.0142509845454386
Lrrc18	Lrrc18	11.1957069629699	1.39869245573978	0.394467450326751	3.5457740672423	0.000391461680978695	0.00941540212474167
Ldb3	Ldb3	10.0327309892568	1.39158464576328	0.41330023653629	3.36700665217522	0.000759888553224461	0.0158953969111269
Cacna1g	Cacna1g	414.343320849614	1.38462397327697	0.2242570670253	6.17427130232093	6.64693181476989e-10	8.60484423020873e-08
Mtap2	Mtap2	209.582186255273	1.38129011635125	0.257041845701135	5.37379473207367	7.70966210990513e-08	6.46363386223761e-06
Clstn2	Clstn2	67.2553889898013	1.37870239971103	0.330640231272581	4.16979625983393	3.04872065588698e-05	0.00117968738170431
Gm14318	Gm14318	3.71862258664702	1.37483262994248	0.458693161187447	2.9972817261617	0.00272398849713657	0.0446957516128485
D030025E07Rik	D030025E07Rik	57.7280133464739	1.37337586934454	0.327792831385148	4.18976785898914	2.79239979762251e-05	0.0010973881883246
Arx	Arx	14.9667307473279	1.37250225282231	0.46125731846925	2.97556742812701	0.0029244705143303	0.0471503918271971
Hpgd	Hpgd	15.7948109315992	1.37086727725218	0.441378744480645	3.10587515686836	0.00189716794607406	0.033368170687892
Rspo2	Rspo2	147.910634473036	1.36523109180344	0.455080067433103	2.99997998045504	0.00269997351576599	0.0443430351852388
Aff2	Aff2	191.036954553624	1.36180592748672	0.284033891001943	4.79451914235617	1.63065494090825e-06	9.45476928189434e-05
Cdh15	Cdh15	87.8451787084293	1.35744581430557	0.361247831470258	3.7576580287855	0.000171511052244531	0.00480831781181085
Smoc2	Smoc2	247.056929336807	1.35380896800554	0.195002931110302	6.94250573720747	3.85205302046806e-12	8.58471461751401e-10
Tnc	Tnc	700.598010350363	1.35274266311382	0.386386283549444	3.50101108840402	0.000463496558485768	0.0107940746146831
Tgm5	Tgm5	1.70886599102825	1.35259685408637	0.444675066102958	3.04176455392532	0.00235195784289193	0.0396633810171985
Mafb	Mafb	101.929982649265	1.3462414425053	0.219791764578093	6.12507682027809	9.06398644664806e-10	1.13177691758642e-07
Gm5868	Gm5868	7.49143407386057	1.34561945059418	0.427588375788752	3.1469972683705	0.00164956502886966	0.0299404555652363
Akr1cl	Akr1cl	2.34461991389529	1.34097570140007	0.445185916264151	3.0121700898651	0.00259387213656234	0.0429611597707587
Zfpm2	Zfpm2	56.3057533884422	1.34076649161663	0.314406794915877	4.2644323001205	2.00411096051388e-05	0.00083612269125136
Lzts1	Lzts1	9.3913556375562	1.33871237764074	0.423957765359229	3.15765504732864	0.00159043634417352	0.0291983548232732
Lrrc3b	Lrrc3b	20.4564013632549	1.33154835944881	0.323760778466296	4.11275376145486	3.90967338049139e-05	0.00142808526010231
Adora1	Adora1	6.26279476377948	1.3314369728939	0.44994314538295	2.95912269484782	0.00308516239946654	0.0492991980117314
Rai2	Rai2	15.5470962464714	1.32342770097676	0.383764824379098	3.448538315407	0.000563629498146144	0.0125770100688986
Col6a2	Col6a2	137.256937979305	1.32291771015176	0.200126003146264	6.61042387972387	3.83221130896347e-11	6.88468492914397e-09
2610018G03Rik	2610018G03Rik	196.749619196691	1.32262940799944	0.234190700682022	5.64765980949547	1.62646620052366e-08	1.64572206473676e-06
Cacna2d2	Cacna2d2	78.1769356956081	1.32025778074257	0.290882680262694	4.53879818334407	5.6575750794868e-06	0.000276686852359568
Cbln2	Cbln2	5.06905658740253	1.31893066137511	0.445422075144114	2.96108059069228	0.00306561710341699	0.0491210734487065
Myl1	Myl1	20.2025678004349	1.31694316807226	0.382408770489078	3.44381005275576	0.000573578513978507	0.012750534491295
Pou6f1	Pou6f1	22.7823137299211	1.31567038761295	0.306413337260803	4.29377650259761	1.75659307430696e-05	0.000747018784208896
A730020E08Rik	A730020E08Rik	15.0512851977338	1.31385720517392	0.425125437221832	3.09051656320518	0.00199808660243272	0.0348643169106382
Exph5	Exph5	18.5441141345843	1.31325520374298	0.394618309748253	3.32791249493916	0.000874993456556097	0.0178094043885857
Trpm1	Trpm1	14.8620265891022	1.31101539422432	0.351649102106558	3.72819207093283	0.000192858371365203	0.00531093434727611
8430436N08Rik	8430436N08Rik	0.923139618556817	1.31084437974244	0.408012041644231	3.21275905108076	0.00131466530297778	0.0250188041392364
Epha3	Epha3	282.059446727247	1.30917926301832	0.439867220021052	2.97630558366151	0.00291743996856965	0.0471233468684745
Lbh	Lbh	740.089331871459	1.30255472153974	0.242228859877085	5.377372135594	7.55808523768891e-08	6.40845783059842e-06
A230057D06Rik	A230057D06Rik	8.01134351205117	1.30248618671125	0.422205858497428	3.08495526648214	0.00203582770252142	0.0352783292623937
Slc8a1	Slc8a1	286.195114408044	1.30172804039825	0.237880856465743	5.47218494055537	4.44520575579062e-08	4.03788233937331e-06
Thrb	Thrb	9.3807359948074	1.30123264297483	0.405053793543922	3.2124934112825	0.00131588166721191	0.0250188041392364
Cyp27a1	Cyp27a1	139.299662189451	1.30100253695517	0.358543545189094	3.62857609462479	0.000284988751817814	0.00726123294429007
Stambpl1	Stambpl1	90.3551317873606	1.29764399696433	0.211029329597692	6.14911680493971	7.79155853865439e-10	1.00130058125218e-07
Kif5a	Kif5a	102.961127905684	1.2956376830943	0.266308351740507	4.86517855946471	1.14353520579153e-06	6.96646395611271e-05
Cyp2s1	Cyp2s1	16.47051019585	1.29465638765237	0.317354099789398	4.07953257421766	4.51263464472225e-05	0.00160628739635894
Bmp10	Bmp10	0.798804012919512	1.29204322016977	0.361917555259216	3.56999322468447	0.000356990461067633	0.00866920559663001
Chrnb1	Chrnb1	19.2406992404159	1.2917011600403	0.327771132722085	3.94086309344247	8.11889563088635e-05	0.00258483320935597
Ccdc141	Ccdc141	219.939043439391	1.29141446612564	0.223320680317766	5.782780458523	7.34759276267948e-09	8.03488932793385e-07
Isl2	Isl2	50.2715516016364	1.29042620590548	0.327564548909242	3.93945623909082	8.16664961346066e-05	0.00259534355766405
Pnmal2	Pnmal2	30.2574127601454	1.28657683010962	0.345118301637944	3.72792988376298	0.00019305906976353	0.00531093434727611
Dock10	Dock10	59.9206315811332	1.27702634393913	0.265822006821714	4.80406554448904	1.55475896128458e-06	9.09404859547384e-05
Opcml	Opcml	10.6517922339839	1.27305354039799	0.375210708989181	3.39290300063025	0.000691561223221955	0.0146517772515593
Ppara	Ppara	6.85545046289536	1.27262903305526	0.404799004017095	3.1438541607714	0.00166738514815742	0.0300962247629133
Qpct	Qpct	55.3351876628858	1.26783314804394	0.242224261583586	5.23412947883605	1.65764227640478e-07	1.27552772415842e-05
Nav3	Nav3	36.0852002982117	1.25622427746796	0.291971536796935	4.30255733572298	1.68837960044264e-05	0.000723250881883043
2010300C02Rik	2010300C02Rik	13.7518607690801	1.2546295445705	0.374703588830098	3.34832540165337	0.000813014907292378	0.0167088093323995
Vwa1	Vwa1	59.8386355419978	1.25349582512134	0.232546814419593	5.3902945445626	7.03422950915642e-08	6.04120218235161e-06
Myt1	Myt1	22.2882046845526	1.25307597091276	0.419732935257131	2.98541254606364	0.00283196102993128	0.0461662091601575
Fam46a	Fam46a	50.8912231726095	1.25213136025006	0.268195801681701	4.66872095833966	3.03080696832102e-06	0.000163181613101712
Rgs8	Rgs8	40.5544498587968	1.24926460238165	0.309179572578442	4.04057936933947	5.3319315963127e-05	0.00182990229404837
Ube2ql1	Ube2ql1	18.8429601745065	1.24891151074733	0.375750709578886	3.32377685233655	0.000888072254244658	0.017999150589419
Prdm1	Prdm1	351.621823789684	1.24812892016949	0.294813063087951	4.23362827649579	2.29950919274621e-05	0.000930693306838845
Ntng1	Ntng1	40.0234286887898	1.24616461847241	0.293364762121746	4.2478333439217	2.15847861075241e-05	0.000889980665595012
Sema5a	Sema5a	1174.24219272716	1.24220729457793	0.239470850244503	5.18730063934555	2.13364137077839e-07	1.61222703750748e-05
Kctd12	Kctd12	1214.76151217339	1.23967968390349	0.23261950048576	5.32921651587582	9.86373501308114e-08	8.0028073106132e-06
Ctnna2	Ctnna2	60.6031750824656	1.23757159359547	0.225426052096938	5.4899226690236	4.02109756149199e-08	3.72607598250673e-06
Kcnk3	Kcnk3	40.8822448286111	1.2350692163609	0.325280698353973	3.79693361029645	0.000146497003139407	0.00421442195632746
Rxfp2	Rxfp2	16.035686359556	1.23165041176548	0.327141373400632	3.76488732978798	0.000166624197852127	0.00471637560672756
Amica1	Amica1	31.7765587808798	1.22676039909599	0.375716627012319	3.26512139973982	0.00109417170012043	0.0213569700136588
Upk3b	Upk3b	122.423286917417	1.22510239487949	0.343388080043667	3.56769051134127	0.000360141519863405	0.00873367988803735
Ndst4	Ndst4	7.10196627770483	1.22198877415147	0.395436930033867	3.09022420856548	0.00200005453139524	0.0348643169106382
Scarf2	Scarf2	934.870600393188	1.21948475448695	0.378131007149733	3.22503241318175	0.00125958407076314	0.0241834647217621
Cygb	Cygb	82.9657264585766	1.21338444141587	0.295945835597636	4.10002201573661	4.13110836802052e-05	0.00150584459476955
Pak7	Pak7	12.6560078369022	1.21197517319946	0.375195626038009	3.23024867319931	0.00123682591585478	0.0238244606942442
Egfr	Egfr	18.7495504107975	1.20401271784889	0.352597551003364	3.414693931999	0.000638537191118551	0.0137873473333675
A730017C20Rik	A730017C20Rik	119.077254521689	1.19854215525249	0.25887566707118	4.62979842336029	3.66021871470754e-06	0.000187876999099536
Mtus2	Mtus2	51.0798103687937	1.19621116107985	0.235914757989783	5.07052280778319	3.96724366107899e-07	2.81642306036116e-05
Dkk1	Dkk1	118.889530042982	1.19535723274625	0.312492972551699	3.82522916590866	0.000130650495917139	0.00385945072335091
Nab1	Nab1	404.105396267331	1.19153717127146	0.116294077506315	10.2458972702781	1.23473845979098e-24	1.81156711025667e-21
Shisa3	Shisa3	832.281997874623	1.19039806692314	0.290751863849121	4.09420614253007	4.23617296928797e-05	0.00153145916421528
Dpep1	Dpep1	75.6712715291012	1.18936771699853	0.329558245034659	3.60897575745206	0.00030740833213258	0.00766652443068582
Elavl3	Elavl3	61.5416851069102	1.18469081852486	0.348713458981487	3.3973188817692	0.000680496181762336	0.0144870807449912
9530008L14Rik	9530008L14Rik	0.714050625870922	1.18016223498238	0.375715206518604	3.14110851652191	0.00168309657039538	0.0303301926493154
Rnf150	Rnf150	205.879498502289	1.17809471324575	0.288860969437318	4.07841431655028	4.53439075309777e-05	0.00160628739635894
Neb	Neb	34.7979553753475	1.1664183746822	0.308228173683538	3.78426916898188	0.000154160910760057	0.00440609901759995
Fap	Fap	126.19107225482	1.16224059254056	0.340406747118434	3.41427014117378	0.000639531313395151	0.0137873473333675
Foxp2	Foxp2	412.179732953447	1.15677908950941	0.285176083204017	4.05636782900142	4.98417458765095e-05	0.00174456019463584
Col6a1	Col6a1	166.17865478158	1.15490685544579	0.206009545900669	5.60608417632575	2.0695533995369e-08	2.02425317512482e-06
Tbx2	Tbx2	229.688794338314	1.15396741717821	0.342023926804032	3.37393768898336	0.000741011392754547	0.015568313342287
Rhbdl3	Rhbdl3	57.5083979742082	1.14871911644909	0.290556510341672	3.95351360428401	7.70118830937279e-05	0.00247874079295827
Tubb3	Tubb3	282.447506898917	1.14419023478917	0.315018380274871	3.63213801617164	0.000281082710737585	0.00718249957220017
Insm1	Insm1	30.9400120231156	1.14369676675951	0.360703242805199	3.17074157100708	0.00152050347731134	0.0281789307595195
Chrna3	Chrna3	21.6852335378603	1.13569643825339	0.341992932900336	3.32081844095987	0.000897539037645979	0.0181216425421962
Galnt3	Galnt3	15.7342171796043	1.13182180868833	0.351771195292846	3.21749427990004	0.00129315605539955	0.0247260677641798
Zim1	Zim1	858.570269793904	1.13128912349685	0.271672836936987	4.16415986320797	3.12501109741431e-05	0.0011960640300234
Nr2f1	Nr2f1	1167.87216329414	1.13124895247541	0.259118688277126	4.36575593986316	1.26683868535791e-05	0.000558996538707054
Itm2a	Itm2a	810.622114727043	1.13006005430923	0.172399502973203	6.55489160247105	5.56823087284557e-11	9.24851629691689e-09
Ptn	Ptn	3732.86474286495	1.12975986578428	0.17733210957391	6.37087027554592	1.8795857495612e-10	2.7124579267848e-08
Kank4	Kank4	111.643932927847	1.12887325173254	0.256587699710964	4.39956105847697	1.08470055458882e-05	0.000490931567200278
Col2a1	Col2a1	3146.79238961608	1.12643641560352	0.205238810161821	5.48841817351884	4.05549058748502e-08	3.73827053839064e-06
Btbd11	Btbd11	138.026522798576	1.12281329864458	0.170003092540613	6.60466396148849	3.98420037563914e-11	7.08543755691946e-09
Sgcd	Sgcd	26.1735063184361	1.12163607924549	0.295856458602982	3.79114954779691	0.000149951625457981	0.00430676723949952
1810041L15Rik	1810041L15Rik	37.2605215754324	1.11719305370606	0.36738363414084	3.04094398847874	0.00235837698607966	0.0397335743702569
Tmtc2	Tmtc2	177.050472363157	1.11440854272051	0.237518388072361	4.69188323381935	2.70701620889069e-06	0.000149403534086926
1190002H23Rik	1190002H23Rik	34.2335223430358	1.10865448509119	0.355993635085215	3.11425367148997	0.00184410867510756	0.0325650725515985
Megf10	Megf10	85.9008319150633	1.10827183544918	0.30307571379374	3.65674907295087	0.000255434205478166	0.00666248092096087
Tnnt1	Tnnt1	31.2525643399048	1.10361931191731	0.339562274916575	3.25012344845565	0.00115354921956673	0.0223671669159601
Scn2b	Scn2b	348.979314663467	1.10245812302246	0.187832864521108	5.86935691915918	4.37488715656152e-09	5.00157553755988e-07
Tox	Tox	27.9627345166967	1.09860378509196	0.319566360879473	3.4377954615389	0.000586470512429631	0.0129025500211196
Pcdhb17	Pcdhb17	15.9990364031661	1.09786442685153	0.359472895093947	3.05409515386301	0.00225740468264615	0.0382888890584471
Tspan17	Tspan17	14.3069029193626	1.09558243390455	0.357400093640166	3.06542290670912	0.00217362406468669	0.037134759920768
Ano4	Ano4	51.0616418392456	1.09495808757217	0.242367053694102	4.51776786854101	6.24949419416021e-06	0.000301448204883246
Plxna4	Plxna4	302.641396927306	1.08893892403581	0.25246025846232	4.31330828332466	1.6082960857136e-05	0.000692314447067813
Tnik	Tnik	111.870599348614	1.08762852091255	0.237468593561265	4.58009416993474	4.64766619352814e-06	0.000229206753510522
Fgfr4	Fgfr4	41.5295835692141	1.08467238873384	0.230502786174411	4.70568016437388	2.53020937583695e-06	0.000140971095794257
Dgka	Dgka	98.2775962021711	1.08255047281732	0.183038770860196	5.91432333013296	3.33242703745657e-09	3.91138069476403e-07
6230427J02Rik	6230427J02Rik	354.339631830663	1.07980722684868	0.289987188326324	3.72363769958542	0.000196372676083308	0.00537688543564964
Optn	Optn	126.092129854003	1.07499072497083	0.205349689079243	5.23492745370555	1.65049677708481e-07	1.27552772415842e-05
Ppm1k	Ppm1k	81.2573477422117	1.07175787986924	0.291339267284975	3.67872786204578	0.000234400216160691	0.00621513585199566
Epyc	Epyc	9.9842943521954	1.07155081696418	0.359985057184463	2.97665360152739	0.00291413063403695	0.0471131165682778
Arhgap22	Arhgap22	34.1480695911361	1.07092169799554	0.254405000349839	4.20951512950959	2.55919305859159e-05	0.00102170414942321
Dagla	Dagla	69.1293205283287	1.06849666818927	0.274437274013606	3.8934094212592	9.88451200538611e-05	0.00307467700294749
Cyp4f15	Cyp4f15	26.7947976792976	1.06645590287156	0.358541375237869	2.97442910783737	0.00293534273255312	0.0472823825702931
Nbl1	Nbl1	143.735945540187	1.06437894357108	0.183370772674186	5.8045179613344	6.45514410272503e-09	7.23880681990935e-07
Gramd1c	Gramd1c	30.1850556996558	1.06210236428251	0.309339355956917	3.43345372591529	0.000595943917616648	0.0130499858377596
Nacc2	Nacc2	120.825356211704	1.06178419761755	0.212525606129884	4.99602949946957	5.85227122616444e-07	4.0091473621732e-05
Ncrna00085	Ncrna00085	129.822190451171	1.06139585654783	0.227758040404569	4.66019050156236	3.15916858638114e-06	0.000167531090758513
Rgs16	Rgs16	87.1782311039419	1.06077097868131	0.278769001711118	3.80519703471392	0.000141691352341226	0.00410974950464518
Pcdhgb7	Pcdhgb7	83.0498435840766	1.05591745032184	0.193957959829645	5.4440531919869	5.20816564695321e-08	4.65456671981006e-06
Marveld1	Marveld1	394.433301377199	1.05341735513319	0.12455417625586	8.45750328731856	2.73162844444722e-17	1.94798470146891e-14
Col16a1	Col16a1	124.437260051591	1.04631727217189	0.309708846768448	3.37839000431963	0.000729115947007742	0.015373431572477
Saa2	Saa2	54.0425166039587	1.04417129522968	0.248299724100263	4.20528576507014	2.60752482479233e-05	0.00103396581228139
Filip1	Filip1	34.2594895829051	1.03809578738879	0.343964108737878	3.01803519907329	0.00254419351718579	0.0422975175293418
Chsy3	Chsy3	37.9092470471297	1.03737124919219	0.288612660672073	3.59433729198341	0.000325218306157969	0.00803646930540217
Agap2	Agap2	32.1945078233573	1.0363900410374	0.316801824398886	3.27141437081018	0.00107010989523117	0.0209803505739866
Sema3a	Sema3a	1403.36581961366	1.0360879031166	0.222940843819868	4.64736692193441	3.36198845305282e-06	0.000177219067977389
Sorcs1	Sorcs1	25.0877048843215	1.03328241018762	0.302334944498543	3.41767443357047	0.000631586074651412	0.0136773732230169
Thbs2	Thbs2	39.8825218658065	1.03217216982032	0.252505649450073	4.08771911467435	4.35635151975963e-05	0.00156207586266574
Asap3	Asap3	77.3562844642695	1.03138302553978	0.290754234145924	3.54726743213015	0.000389249249392357	0.00937499628563863
Nebl	Nebl	28.0309503109939	1.02457132854916	0.333404786349479	3.07305524844864	0.00211879256632882	0.0365004519792419
Colec10	Colec10	197.196205578264	1.02411014962154	0.178345312363315	5.74228801447429	9.34057742178516e-09	9.94490813577924e-07
Corin	Corin	31.6906578823945	1.02347744775924	0.304033794784335	3.36632790603175	0.000761760973297838	0.0159093282276177
Tmem26	Tmem26	61.1184388193908	1.02325948569012	0.278075269717452	3.67979319674791	0.000233423174003565	0.00620792809895282
Tuba4a	Tuba4a	60.5857503087688	1.02244711187315	0.31549742270036	3.24074632091117	0.00119217224223823	0.0230399390744744
Cnr1	Cnr1	134.426858360452	1.01641589842843	0.218279456671783	4.65648904356935	3.21647388541096e-06	0.000170057775455091
Nfasc	Nfasc	80.340638823512	1.00394675527463	0.234366910431647	4.28365400826254	1.8384873591702e-05	0.000776220826032387
Dmd	Dmd	232.534786542308	1.00041076185768	0.297947744214671	3.35767187798167	0.000786018584140076	0.0162807566969061
Frmd5	Frmd5	169.41227143985	-1.00155123884523	0.147514761390904	-6.7894984163055	1.12524066503656e-11	2.27712495961306e-09
Jag1	Jag1	1109.45669109742	-1.00313181989157	0.183320183094344	-5.47202060874725	4.44933076132241e-08	4.03788233937331e-06
Pcdh19	Pcdh19	1350.87776023789	-1.0051513080293	0.209356509734743	-4.80114666270871	1.57759671282725e-06	9.19707540597237e-05
Fmod	Fmod	65.4559516856676	-1.00767088248937	0.341037209197641	-2.95472416297365	0.00312948713593747	0.0498434170698785
Eda2r	Eda2r	460.324903519486	-1.00803465604248	0.175565776060606	-5.74163529282898	9.3766599485366e-09	9.94490813577924e-07
Deptor	Deptor	79.9089365408673	-1.01549096670993	0.257537558756475	-3.94307910509539	8.04421072258987e-05	0.00256569518083183
Fhdc1	Fhdc1	119.579433896157	-1.01627076215666	0.217940135372977	-4.66307300588503	3.11522175386078e-06	0.000166201800601433
2700086A05Rik	2700086A05Rik	392.440526156608	-1.01975100454229	0.341122887504142	-2.98939485416354	0.00279530637961274	0.0457380707429944
Grhl1	Grhl1	30.5234797803909	-1.02330155376555	0.308945898643813	-3.3122354375234	0.000925536196982915	0.0185803766067061
Nipal1	Nipal1	36.065844199351	-1.02595429827462	0.280426570928787	-3.65854881324763	0.000253647434485056	0.00662569248003545
Hey1	Hey1	1143.86159325279	-1.02669896417524	0.106630001607142	-9.62861247960884	6.05414153412204e-22	7.10594772331684e-19
Gm11627	Gm11627	18.3355373830976	-1.02762161159044	0.321460340423909	-3.19672905912846	0.00138995418037779	0.0261727628874133
Uchl1	Uchl1	604.661565020439	-1.02998777596861	0.281834952751428	-3.65457785101992	0.000257605489683401	0.00668938385157221
Clu	Clu	404.553881214979	-1.03065408864527	0.229995159141537	-4.48119904998092	7.42248437422721e-06	0.000351291021216786
Lrmp	Lrmp	42.0622754490861	-1.0329218871181	0.24957544489998	-4.13871600041444	3.49254960368003e-05	0.00130551652489152
Fas	Fas	46.1336285966452	-1.03573021245392	0.282967215728523	-3.66024809548112	0.000251971161547138	0.00659168539405485
Sox1	Sox1	179.428441287557	-1.03813822289848	0.296051474433039	-3.50661392545535	0.00045384711040513	0.0106114637792732
Cftr	Cftr	39.7687836412328	-1.03874591316346	0.334041951540167	-3.10962712430015	0.00187323656101757	0.0330132161093847
Eltd1	Eltd1	87.3724006949274	-1.03995755746489	0.351983732835872	-2.9545614198876	0.00313113820738871	0.0498434170698785
Pctp	Pctp	724.014171413646	-1.04101817346316	0.127758048419329	-8.14835688508886	3.68902289275057e-16	1.9102628544049e-13
Gabra3	Gabra3	147.425734511327	-1.04777466148766	0.210842149068771	-4.96947439644007	6.7134634498194e-07	4.56359990337917e-05
Sgpp2	Sgpp2	52.5767043469403	-1.04862711762724	0.330206093417124	-3.17567464238945	0.00149488509710846	0.0278043388795828
Mtap7d2	Mtap7d2	211.683231452821	-1.05290146118845	0.196722955018136	-5.35220437844372	8.688918047585e-08	7.1484622030739e-06
Cdkn1a	Cdkn1a	385.834590177353	-1.05433575879414	0.215432269527209	-4.89404749394322	9.87829830769863e-07	6.2335956991162e-05
Pycard	Pycard	46.2000953759686	-1.05781393351413	0.348085372999206	-3.038949681797	0.00237404503242609	0.0399593086433018
Lypd6	Lypd6	290.447862699307	-1.06035378566888	0.182851138632293	-5.79900017905391	6.6711461273119e-09	7.43368346312996e-07
Plac1	Plac1	49.905466868164	-1.06110489840466	0.285098978956324	-3.7218824924912	0.00019774304647611	0.00539761872288122
Frzb	Frzb	1106.79036889256	-1.06847881210442	0.17802232957585	-6.00193703031601	1.94977322116898e-09	2.36742809185524e-07
Myocd	Myocd	132.073011955323	-1.07689384736043	0.324134791750247	-3.32236425946586	0.000892580881515345	0.0180422261767614
Fam129a	Fam129a	85.4018366827271	-1.08193425956446	0.349005563597813	-3.10004874538695	0.0019348879657809	0.033929917854122
Prickle1	Prickle1	1621.16953951187	-1.09053615142224	0.166058445565666	-6.56718270309835	5.12761188005089e-11	8.79873249208731e-09
Itga3	Itga3	1090.87105977285	-1.0934849568459	0.233320800300258	-4.6866158329592	2.77759642796263e-06	0.000152819883470969
6530418L21Rik	6530418L21Rik	54.2369213377621	-1.09702114068166	0.252685576663692	-4.34144740339384	1.4154716479021e-05	0.000619920244601103
Pkp2	Pkp2	494.574967476618	-1.09862566546985	0.15810392726293	-6.94875633065595	3.68520424789049e-12	8.31816743440512e-10
Efna3	Efna3	265.071185868189	-1.10176625665138	0.286823059777995	-3.84127502685511	0.00012239688377286	0.00369625992402227
Podxl	Podxl	4823.48763819797	-1.10692866378076	0.205304172294772	-5.39165206146641	6.98128458564999e-08	6.02512237328205e-06
Slc22a3	Slc22a3	74.3211459162966	-1.10861470239111	0.271815314863643	-4.0785586454069	4.53157720239331e-05	0.00160628739635894
Treml2	Treml2	36.4190373310191	-1.11194870781242	0.291654683451198	-3.81255220953269	0.000137539163808872	0.00401577863684742
Sema3c	Sema3c	620.589288575952	-1.11279329266028	0.195224113310903	-5.70008117228891	1.19750394061009e-08	1.24019143402242e-06
Pls1	Pls1	36.0860726356876	-1.11317915592371	0.321067612877886	-3.46711755180083	0.000526071771365345	0.011905641539753
Upp1	Upp1	170.76350158487	-1.11911602298567	0.323474480039816	-3.45967330358772	0.000540831125379078	0.0121763079199796
Rmst	Rmst	32.1850502516069	-1.12007188073994	0.376373868444452	-2.97595549172737	0.00292077248594761	0.0471339325275834
Lypd6b	Lypd6b	39.3913545045411	-1.1219777419626	0.367764493737292	-3.05080496097068	0.00228228776612953	0.0385993836796124
Gm1568	Gm1568	32.6473106755753	-1.13002108113401	0.298236478232167	-3.78901027745617	0.000151248657242714	0.00433694439644173
Syt13	Syt13	130.63256172933	-1.14188767459617	0.261425378386896	-4.36792970002412	1.25429850366813e-05	0.000554853755165355
Steap2	Steap2	620.04237257904	-1.14478904268495	0.246950393080537	-4.6357044765327	3.55723882404181e-06	0.000184202196282589
Abi3bp	Abi3bp	122.143584698182	-1.1448394373149	0.222217430608556	-5.15188855428524	2.57876273976577e-07	1.92380071170831e-05
Fcrl6	Fcrl6	27.1215863642648	-1.14857691237405	0.372077860999192	-3.08692623981878	0.00202237772223738	0.035183776855446
Lama3	Lama3	30.916403066893	-1.15054662856019	0.331846871592716	-3.46710102475302	0.000526104118932628	0.011905641539753
Ntsr1	Ntsr1	46.8920913263102	-1.15501729691249	0.255809678676142	-4.51514306608685	6.32740350100761e-06	0.000304372311581257
Ildr2	Ildr2	839.472862375303	-1.16632682390398	0.138039961546784	-8.44919696321917	2.93313275407458e-17	1.98618212570142e-14
Serpina3i	Serpina3i	19.5356166592696	-1.18271286951484	0.385040145919456	-3.07166118143495	0.00212871201649927	0.0365640036707182
Sh3bgr	Sh3bgr	291.823187961808	-1.19058377639703	0.16375886172813	-7.27034716676048	3.58564781647062e-13	9.86389304012214e-11
Gfra3	Gfra3	90.9613112142628	-1.19131671449443	0.218738602117989	-5.44630304372078	5.14274895959687e-08	4.61955296850319e-06
Sp8	Sp8	207.753915387141	-1.19526040138511	0.214827200964377	-5.56382243970729	2.63928501040597e-08	2.553145708418e-06
Fam181b	Fam181b	444.269320679025	-1.20296263389903	0.303821374576462	-3.95944042968011	7.51255799513746e-05	0.00242690084518147
Sepp1	Sepp1	2287.98468161302	-1.21026419983951	0.250916331304133	-4.8233775519879	1.41147431268915e-06	8.39541106392067e-05
Wscd1	Wscd1	106.912005284119	-1.21095526205341	0.252743909303057	-4.7912341998374	1.65758504698202e-06	9.56834174989032e-05
Dio3	Dio3	84.6846186641587	-1.21616973488576	0.352703564395638	-3.44813565173259	0.000564470464525746	0.0125787682612224
Chga	Chga	48.9766903898036	-1.22001381311237	0.348106255763739	-3.50471671483089	0.000457093377227788	0.0106731909807327
Tshr	Tshr	26.4719140832175	-1.22158256696866	0.363353852764894	-3.36196398544611	0.000773902165815205	0.016105581006315
Arhgef3	Arhgef3	352.374157312735	-1.22225597627619	0.170142709848681	-7.18371052960905	6.7844432158935e-13	1.68235080646508e-10
Krt19	Krt19	242.262352529954	-1.22473896212367	0.248585081415298	-4.92684015931577	8.35700638089579e-07	5.42927875800928e-05
Svopl	Svopl	60.4672839441791	-1.22654484209139	0.266061782713724	-4.61000008938195	4.0266879783881e-06	0.000203718013067531
Fev	Fev	21.1283977692756	-1.2335011125433	0.413423738958754	-2.98362429707105	0.00284856309020039	0.0463082195439226
Rgs9bp	Rgs9bp	227.025213855916	-1.23414525684314	0.223716942919501	-5.5165480125804	3.45723069903159e-08	3.27247331651345e-06
Cntnap2	Cntnap2	158.266078893422	-1.23962443743026	0.290901942067915	-4.2613137217931	2.032287090099e-05	0.000845873439912127
Serpina3h	Serpina3h	114.809484889092	-1.24391820915044	0.308433994429006	-4.0330126757048	5.50663081378358e-05	0.00187161664300142
Ripply1	Ripply1	57.0148520574227	-1.25196033905049	0.309629884653937	-4.04340924794699	5.26795521006138e-05	0.00181502190662115
Dll1	Dll1	2485.76111814927	-1.25634669881751	0.214618439671532	-5.85386186173154	4.80287592425179e-09	5.45544732402432e-07
Lrrc55	Lrrc55	57.4544921088414	-1.25763212604599	0.232362233853864	-5.41237749864695	6.21934012243633e-08	5.46958614805214e-06
Fam189a2	Fam189a2	36.7845597856183	-1.26516369464836	0.28750678895688	-4.40046546114121	1.0801892074826e-05	0.000490149772859245
Arl4d	Arl4d	497.507971552512	-1.26609884067599	0.260172478546828	-4.86638266948021	1.13659347734765e-06	6.94821693131345e-05
Trim55	Trim55	81.1096169767851	-1.28578620302679	0.304764696358145	-4.21894733343982	2.45445593914728e-05	0.00098660162704628
Gm6277	Gm6277	11.4221172807588	-1.28596695394867	0.38744724102477	-3.31907629680722	0.000903157491740401	0.0181981221486034
Pamr1	Pamr1	37.2631668188805	-1.2902148846479	0.262001183147846	-4.9244620545085	8.45927411691514e-07	5.45545714660835e-05
Mesp2	Mesp2	105.884273994947	-1.29283947409181	0.401514675551357	-3.21990590335581	0.00128232680104716	0.0245665349937284
Sfrp4	Sfrp4	38.3935796867584	-1.29402798919224	0.317211260857311	-4.07938856172676	4.51543089580818e-05	0.00160628739635894
Acta2	Acta2	1253.82713454472	-1.29446981448119	0.174513928146723	-7.41757307412655	1.19285878060723e-13	3.75026280203052e-11
Pcsk1	Pcsk1	15.1798047778531	-1.29807896442462	0.418353917821809	-3.10282492675858	0.0019168299830028	0.0336467683756204
Papolb	Papolb	17.4916720589456	-1.29812966800027	0.31424054615608	-4.13100627490476	3.61178721667415e-05	0.00133590600287322
Ifi204	Ifi204	785.808303169537	-1.29984529636863	0.197427726616505	-6.58390449328082	4.58251552269373e-11	7.98809587054909e-09
Klhdc8a	Klhdc8a	110.768552729259	-1.31057015904027	0.265346599582995	-4.93908782362349	7.84888593591263e-07	5.17556126545609e-05
Foxb1	Foxb1	573.103938199595	-1.31364616663861	0.294150929216407	-4.4658916092431	7.97359741606108e-06	0.000376362348812792
Slc2a3	Slc2a3	2510.27771826203	-1.31820866330648	0.267203266564702	-4.93335534499269	8.0828909481603e-07	5.29023710161005e-05
Olig1	Olig1	8.62198471965092	-1.31974390392895	0.417427751018995	-3.16161036420622	0.00156899349788876	0.0288648897845658
Fam181a	Fam181a	60.2950118864509	-1.32015082496752	0.345222748766195	-3.82405513450564	0.000131274539162357	0.00387138950836259
Igfn1	Igfn1	15.6945555287896	-1.32080740683879	0.438141634663724	-3.01456721375614	0.00257346182615863	0.0427350906381129
Radil	Radil	195.795345468915	-1.32973456846546	0.336965101891004	-3.94620855691929	7.93984613379722e-05	0.0025374807833109
Nkx3-1	Nkx3-1	1446.29874707407	-1.33685899665292	0.36973040450509	-3.61576700310161	0.000299459635536481	0.00754261279435664
Nuak2	Nuak2	404.97952634123	-1.34300271893206	0.189098908246087	-7.10211778263849	1.22859450738213e-12	2.8840846529293e-10
Rnf43	Rnf43	65.2313412634972	-1.36201591470507	0.383601927697116	-3.55059715909586	0.000384358236724125	0.0092698782407739
Krt80	Krt80	1.28993951931999	-1.36406575651262	0.434629697489717	-3.13845502134582	0.00169840998862018	0.0305436223285464
Sall1	Sall1	4762.34214860332	-1.3663836101719	0.180464621323266	-7.57147633787067	3.6900629113866e-14	1.32586219628311e-11
Nrn1	Nrn1	37.8609367780987	-1.36884023580779	0.290070133273701	-4.71899750711733	2.37009724220355e-06	0.000132891503331961
Glp2r	Glp2r	14.0560847863434	-1.36887235634743	0.42867697002059	-3.19324911781866	0.00140681523265746	0.0263941314123576
Was	Was	18.7869436274534	-1.36986257063402	0.406862051015489	-3.36689688117869	0.000760191082538272	0.0158953969111269
Nkx2-9	Nkx2-9	42.3353538188873	-1.37623964396708	0.429359058284563	-3.20533506260618	0.00134905339063452	0.0255666673794526
Sulf1	Sulf1	2367.88298251498	-1.37772000234074	0.12925981958463	-10.6585326110463	1.59087615412335e-26	3.11210728549953e-23
Cldn2	Cldn2	17.8096913996556	-1.37785833338508	0.334934640422539	-4.11381256846659	3.89177467355515e-05	0.00142450280462811
Rprm	Rprm	226.446201760278	-1.38010107009765	0.275337831984182	-5.01239172311394	5.37576261579453e-07	3.726207740696e-05
Rxfp1	Rxfp1	16.8011938661202	-1.3803424785449	0.466628858787331	-2.95811639711293	0.00309525222387391	0.049406174663213
Cxcl3	Cxcl3	2.37879895101712	-1.38519789699669	0.460519742263556	-3.007901225229	0.00263058622693984	0.0433497843797921
Pcgf5	Pcgf5	112.547681175769	-1.38652602033784	0.219995970163259	-6.30250644731762	2.92870353608693e-10	3.99711274855399e-08
Mlkl	Mlkl	1.94243383260424	-1.39645569223187	0.45460524805219	-3.07179844098841	0.00212773346286251	0.0365640036707182
Ptprz1	Ptprz1	494.71605642091	-1.40703692026274	0.215194896774769	-6.53843070328659	6.21676777350786e-11	1.02291975159233e-08
Prlr	Prlr	11.4690622581213	-1.41720103757932	0.387633337375489	-3.65603497153941	0.000256146426198686	0.00667117452611548
Ibsp	Ibsp	31.5566548054991	-1.42119992872591	0.286509571373576	-4.96039249897459	7.03508857160973e-07	4.70992865489954e-05
Tgtp1	Tgtp1	11.3372299378773	-1.42323788099499	0.402539499013204	-3.53564776744632	0.000406776674179938	0.0097474862332879
Alox5	Alox5	7.16860087221212	-1.42959655490263	0.451158098842826	-3.16872634796847	0.00153108478108319	0.0282857068790669
Tbx22	Tbx22	32.0101620839565	-1.43332240210902	0.381878941285215	-3.75334234793143	0.000174492289387112	0.00488411962949046
Pax2	Pax2	152.392663339958	-1.43827186874986	0.361240477427549	-3.98148036729445	6.8487378901113e-05	0.00224960595696454
Ism1	Ism1	429.450427377716	-1.44307516411459	0.226176229820302	-6.3803131092119	1.76726279164988e-10	2.59286905914898e-08
Sema3e	Sema3e	131.501245524193	-1.44462325804764	0.309005534087134	-4.67507244592027	2.93849868649588e-06	0.000159676567513724
Grb7	Grb7	270.774109184134	-1.44633430840585	0.320035925419495	-4.51928734722525	6.20481345547799e-06	0.000300115235431718
Tnfsf4	Tnfsf4	5.97625138152902	-1.45299930418227	0.45538371217774	-3.1907142599232	0.00141921565353593	0.0265251706965537
Gm5607	Gm5607	13.5282125514282	-1.4580557077425	0.396650696087361	-3.67591869149619	0.000236995002206715	0.00626506607935649
A830018L16Rik	A830018L16Rik	45.3856759020593	-1.45921518161335	0.336476787660404	-4.33674843295904	1.44605967223158e-05	0.000628625347884179
Dapl1	Dapl1	4.10683353219458	-1.45986014150738	0.464195777412202	-3.1449233546367	0.00166130348023637	0.0300332158882004
Pdzrn4	Pdzrn4	30.8592950468145	-1.47038036119514	0.38914836459511	-3.77845699730743	0.000157803094917048	0.00448109885340249
Olfm4	Olfm4	18.135956856811	-1.47420556518183	0.402760429574706	-3.66025422790047	0.000251965131022632	0.00659168539405485
Sh2d4a	Sh2d4a	12.0046135700816	-1.47705551360194	0.385408780515884	-3.83243866843108	0.000126879236994113	0.00379904055530332
B230323A14Rik	B230323A14Rik	43.7320385254229	-1.4865390340831	0.367104961765516	-4.04935696574053	5.13585560391072e-05	0.00178699355261763
Ooep	Ooep	6.35394100658784	-1.48722831281976	0.458460019431169	-3.2439651218988	0.00117878179383518	0.0228312786163501
Gm239	Gm239	41.4240229672907	-1.49209709609742	0.347668815181665	-4.29171967959728	1.77294681495531e-05	0.000752156665641042
Sst	Sst	21.4995179592956	-1.49343496237344	0.44437881141285	-3.36072495811679	0.000777381959186921	0.0161326335018952
Steap1	Steap1	190.03141015994	-1.49465669212285	0.230271530598566	-6.49084447494506	8.53565592920886e-11	1.34177462758617e-08
Hoxb9	Hoxb9	5028.16432202167	-1.49911873570994	0.184281101076164	-8.13495647114862	4.12086387811596e-16	1.9753716999659e-13
Gata3	Gata3	246.680453051819	-1.50151945710137	0.244234658194264	-6.14785578837489	7.85373884546584e-10	1.00197772545849e-07
Lbx2	Lbx2	9.79512782059467	-1.50661843481696	0.458221726111816	-3.28796813630202	0.00100913260172021	0.0199402789965051
Dll3	Dll3	1104.55669102429	-1.51983659753676	0.327353618533901	-4.64279760933622	3.43723012728229e-06	0.000180106766728964
Olfml2a	Olfml2a	130.867052063091	-1.524437216285	0.352142521120764	-4.32903476533643	1.4976429292374e-05	0.000647850157546773
Greb1l	Greb1l	5199.54334874548	-1.53370799277946	0.160204004068963	-9.57346853902135	1.03377991608202e-21	1.13754557515876e-18
Cyth4	Cyth4	10.1466881304635	-1.54182423045509	0.42722123888302	-3.60895969143815	0.000307427368400783	0.00766652443068582
Prr15	Prr15	9.66645891250647	-1.54269651366047	0.423466651224276	-3.64301771863359	0.000269460281613637	0.00692571929648131
Vwf	Vwf	54.6393176199896	-1.5444896857675	0.384789906163816	-4.01385187352073	5.97358420054135e-05	0.00201863576650155
Irgm1	Irgm1	63.9787787936145	-1.54782017043417	0.295144175855226	-5.24428498698685	1.56889542298618e-07	1.23312378647745e-05
Adrb2	Adrb2	28.6413567294015	-1.54847975025334	0.351001100630734	-4.411609386611	1.02605095281075e-05	0.000467996193657669
Spint1	Spint1	95.9509292838032	-1.5527577126851	0.369100202024877	-4.2068731042863	2.589284351639e-05	0.00103137873970489
Aqp3	Aqp3	15.9954425814398	-1.56331136636656	0.436062663922903	-3.58506126688929	0.000336999083984394	0.008268613254895
Chrna6	Chrna6	18.2046648008407	-1.56576703499695	0.386566744798705	-4.05044421452311	5.11204959726934e-05	0.00178223257840642
Ocln	Ocln	36.6439501953835	-1.56858333277418	0.367757022301669	-4.26527091979629	1.99659779407436e-05	0.000834966763954231
Sfpi1	Sfpi1	8.27886577230373	-1.5733545479372	0.461519704028655	-3.4090734029408	0.000651839380679886	0.0139784216032279
Hey2	Hey2	338.247355443413	-1.57632438199796	0.179204023335897	-8.79625553408098	1.41457259988394e-18	1.24524825967783e-15
Fgf15	Fgf15	234.631705770199	-1.58515358519021	0.2371393078565	-6.6844826339353	2.31741879744951e-11	4.43483427694523e-09
Mfap3l	Mfap3l	218.56191580637	-1.59120937527265	0.209045035052511	-7.6118018056394	2.70300842336662e-14	1.03454709351723e-11
Car4	Car4	632.513529097969	-1.60209307137492	0.365508388240893	-4.38319098252553	1.16953499635006e-05	0.000522609978318252
Ptpn7	Ptpn7	32.8920468370342	-1.6106313521669	0.330338568886788	-4.8756987644361	1.08423959470802e-06	6.69793765067699e-05
Cpn1	Cpn1	39.7645524493673	-1.61882371721419	0.335854968224907	-4.82000824870972	1.43552285772137e-06	8.47560546143684e-05
Peli3	Peli3	285.606416391317	-1.61919126710361	0.388636160435346	-4.16634228088762	3.09525862008812e-05	0.00119155511229772
Hoxa13	Hoxa13	44.7546486234321	-1.64331001604849	0.464796348220383	-3.5355484662055	0.000406929591131808	0.0097474862332879
Cxcr4	Cxcr4	405.731120522067	-1.64976508310289	0.241984412002269	-6.81765023396393	9.25416100862187e-12	1.91680892609173e-09
Sel1l3	Sel1l3	134.525826253116	-1.65141355583633	0.267036031415461	-6.18423494044151	6.24043703540907e-10	8.13845440336386e-08
Kcnh5	Kcnh5	12.501175713122	-1.66847537771404	0.430354060347522	-3.87698300410295	0.000105759742878553	0.00326095627516602
Ikzf3	Ikzf3	14.0015638038638	-1.66946755845533	0.450116933740486	-3.70896412312684	0.000208108910077437	0.00562821116869947
Aldoc	Aldoc	104.989607454314	-1.67794838186828	0.302210957333905	-5.55224203871058	2.82028723568686e-08	2.71333208040999e-06
Depdc7	Depdc7	219.586714508351	-1.68129672094406	0.245227285884963	-6.85607523190858	7.07781134902466e-12	1.51965788549912e-09
Ncf2	Ncf2	29.6911821794147	-1.69824096160517	0.344641150709015	-4.92756293933981	8.32616069517496e-07	5.42927352589816e-05
Lrrtm3	Lrrtm3	23.3851758663745	-1.70078270518485	0.343121178012712	-4.95679897998556	7.16640541807039e-07	4.77923234055103e-05
Dhrs2	Dhrs2	6.8138956690514	-1.71085755684722	0.464411139650049	-3.68392876651583	0.000229666447976751	0.00611725791691178
Fam107a	Fam107a	17.9949207927914	-1.71639300233182	0.361508549695991	-4.7478628203267	2.05577387950556e-06	0.000116754693298629
Dsc2	Dsc2	537.233515429739	-1.71838299742701	0.206222435354051	-8.33266756100917	7.90408747003774e-17	4.79859875853395e-14
Pmaip1	Pmaip1	146.095277961982	-1.72785134770967	0.228836188940277	-7.55060358115217	4.3324567224066e-14	1.49563202068021e-11
Mgp	Mgp	21.7506394149896	-1.72858380970547	0.354932192272002	-4.87018041006766	1.11496401074986e-06	6.83974089660695e-05
P4ha3	P4ha3	91.6001261161842	-1.72876448605804	0.249162690555477	-6.93829594713389	3.96857680973203e-12	8.73384541401776e-10
Npbwr1	Npbwr1	39.2817703232198	-1.73895192126456	0.406542323136561	-4.27741915736638	1.89072587724878e-05	0.000794465866225346
Krt14	Krt14	5.63255362376065	-1.74117016904703	0.459671633425948	-3.78785646629972	0.000151952585716663	0.00435004426687411
1300002K09Rik	1300002K09Rik	110.069364149488	-1.75224795067997	0.329099608119758	-5.32436960557647	1.01303739591634e-07	8.18143871215741e-06
Tmem100	Tmem100	119.988344317835	-1.7570769652899	0.17862865370764	-9.83647880012407	7.8407108292783e-23	1.06187349892518e-19
Ppp1r1a	Ppp1r1a	347.209381142928	-1.75717703927292	0.320745523365459	-5.47841485310704	4.29153012765663e-08	3.93524372018347e-06
T	T	585.634269461903	-1.75863728766711	0.317887581130808	-5.53226169267507	3.16127781702447e-08	3.02486180687678e-06
Hoxc8	Hoxc8	1194.89294703057	-1.76600469722157	0.211624664967023	-8.34498520055195	7.12228031820271e-17	4.47838811722418e-14
Wnt8b	Wnt8b	49.1743535404622	-1.78705933052496	0.387984836077118	-4.60600302989613	4.10482409964267e-06	0.000205896105693187
Aadat	Aadat	77.5949304466005	-1.80297439726362	0.27693035766133	-6.51056970600731	7.48663170703774e-11	1.19675072528423e-08
Ly6a	Ly6a	8.51148393609781	-1.81330673175766	0.443063277923798	-4.09265859327101	4.26455380066474e-05	0.00153856012734638
Pde11a	Pde11a	36.9844037288102	-1.81378382290756	0.27669705771601	-6.55512508112446	5.5595257389116e-11	9.24851629691689e-09
Lif	Lif	5.52082387193388	-1.84085308794888	0.446224720679295	-4.12539467814898	3.70099523073165e-05	0.00136603190843315
Pnliprp1	Pnliprp1	35.2683089871687	-1.85848118091865	0.395374974490122	-4.70055340076939	2.59457393657935e-06	0.000143648014866088
Mal2	Mal2	14.6381051713899	-1.9029648694157	0.432714764195191	-4.39773501362968	1.09386413274897e-05	0.000492546596449575
Slc22a14	Slc22a14	7.58093296290625	-1.9126220574345	0.429767851440586	-4.45036093561528	8.57260902084079e-06	0.000400343115174862
Fgf20	Fgf20	10.7198083113197	-1.92242276631588	0.464453846965514	-4.13910397960083	3.48664907073395e-05	0.00130551652489152
Nlrp6	Nlrp6	173.495218246952	-1.95726753510325	0.272299980101616	-7.18790921091087	6.57909835696665e-13	1.6547372238965e-10
Gpx6	Gpx6	61.5455891502196	-1.99807774067197	0.372607802050568	-5.36241519816809	8.21165225305635e-08	6.7875281487e-06
F13a1	F13a1	13.1227696723519	-2.0034934004341	0.422432844189535	-4.74275006783132	2.10836324518433e-06	0.000118973856713831
Ppef2	Ppef2	213.238838142514	-2.02716276334744	0.276125831886588	-7.34144556305056	2.11299095602564e-13	6.00021270512701e-11
Slc38a5	Slc38a5	98.5373972862944	-2.03152954366516	0.30520064005586	-6.65637379821136	2.80665909108827e-11	5.09423092347423e-09
Naaa	Naaa	1630.7662057137	-2.03398267037387	0.180925612691993	-11.242093588134	2.53302820755719e-29	6.37092780317885e-26
Pax8	Pax8	148.259018471759	-2.07007408098752	0.326160337793101	-6.34679892409442	2.19841162273718e-10	3.12504198093116e-08
Ret	Ret	606.815761623919	-2.08241791215705	0.267854715539658	-7.77443065716247	7.57874920836828e-15	3.10305717587283e-12
Aldh1a3	Aldh1a3	58.8319548336343	-2.19443447894037	0.408727342891202	-5.36894464514575	7.91987213528779e-08	6.58918323650584e-06
Il31ra	Il31ra	14.1391956467876	-2.19854484706033	0.426294541521828	-5.15733755166498	2.50486001533048e-07	1.87661980552802e-05
Asb12	Asb12	29.4089299206604	-2.21144708913869	0.34188284682164	-6.46843534180701	9.9022871250853e-11	1.542828912604e-08
Vwa2	Vwa2	656.699865540162	-2.23293468178779	0.229197549315863	-9.74240208262666	1.98798603438127e-22	2.5000344372369e-19
Hoxc10	Hoxc10	1166.35562406534	-2.27507399104184	0.46208321595439	-4.92351574887413	8.50030323994253e-07	5.46191017673096e-05
Ifitm1	Ifitm1	2591.40246773159	-2.3098898594681	0.224750937818608	-10.2775538197414	8.89566888850832e-25	1.42379224046434e-21
Blnk	Blnk	66.0422401488498	-2.34451011850439	0.343090217450042	-6.83350908670482	8.2862245194915e-12	1.73675320107342e-09
Cdx2	Cdx2	599.645482308351	-2.37437010159975	0.402558948605492	-5.89819232642779	3.67505464752182e-09	4.25677711343876e-07
Mir196a-1	Mir196a-1	64.4693830051147	-2.438012215828	0.389307676744227	-6.26243036411984	3.79023151272562e-10	5.01735458744716e-08
Pitx1	Pitx1	1475.17601395885	-2.52874121048539	0.450935768772028	-5.60776364530045	2.0495765764755e-08	2.01591313996803e-06
Rgn	Rgn	28.1493535751294	-2.74154590121683	0.343762724141402	-7.97511105389404	1.52243865013041e-15	6.3819178271895e-13
Gm53	Gm53	211.833838046284	-2.82713846231632	0.42390847516101	-6.66921901300158	2.57168239212012e-11	4.81670640379434e-09
Cdhr1	Cdhr1	93.6712927962336	-2.84347111835621	0.30627574170647	-9.28402328735962	1.63197044448937e-20	1.69014539092234e-17
Cdx4	Cdx4	727.41665482207	-2.88913850890134	0.401576904439084	-7.19448373889142	6.26975383763368e-13	1.5997867545707e-10
Evx1	Evx1	253.36733597723	-2.9686349512635	0.351544777527655	-8.44454288907751	3.05237486120014e-17	1.99037451134406e-14
5730457N03Rik	5730457N03Rik	221.524220810292	-3.03172498836421	0.333105472021087	-9.10139653356485	8.9177655016923e-20	8.2634831275155e-17
Fgf18	Fgf18	431.347075750971	-3.31148875643971	0.241737373774617	-13.6987041131967	1.03352405758947e-42	9.09811227896007e-39
Cer1	Cer1	185.654336793183	-3.37476388357417	0.421455285964913	-8.00740670709047	1.17152554466961e-15	5.03070213157394e-13
Hoxc9	Hoxc9	629.345816372241	-3.49040007905851	0.260676344441461	-13.3897845105095	6.93817534909819e-41	4.07178383987409e-37
2610528A11Rik	2610528A11Rik	500.204462452013	-4.12985132861176	0.264103797389302	-15.6372281255924	4.06020693809941e-55	7.14840033521782e-51
