Gene	baseMean	log2FoldChange	lfcSE	stat	pvalue	padj
Pax1	Pax1	812.836885185843	3.20013881534363	0.420916110949388	7.60279478997758	2.89802845424939e-14	6.62561755352768e-12
Fap	Fap	126.19107225482	3.07084784638783	0.384347163011641	7.98977628018766	1.35183846866316e-15	3.67324028453997e-13
Cp	Cp	95.0765542336604	2.93197314378982	0.373498364017655	7.85002941445607	4.15939705239221e-15	1.03739143756709e-12
Colec10	Colec10	197.196205578264	2.90125806485277	0.23834743477193	12.1723905593065	4.36119737861672e-34	8.97370875617623e-31
Lum	Lum	353.246047352215	2.87515068454481	0.315558830319637	9.11129845941087	8.14018118691647e-20	4.18736007868225e-17
Fmod	Fmod	65.4559516856676	2.63185452785254	0.370377123883376	7.10587765318156	1.19560295174097e-12	2.07166528301138e-10
Myf5	Myf5	81.0759053028179	2.62891336347318	0.338317834702096	7.77054324016957	7.81502286442952e-15	1.89181016722609e-12
AI646519	AI646519	26.0590918615472	2.59024039224214	0.425093419883065	6.09334388886722	1.10576165773309e-09	1.18194432778859e-07
Cst9	Cst9	9.38443876800742	2.43103161815056	0.425242155100117	5.71681708643915	1.08537839199253e-08	9.55423193079628e-07
Pappa2	Pappa2	44.5607446980567	2.40471941727969	0.396101108006282	6.0709737202794	1.27136994523023e-09	1.33299494703406e-07
Fibin	Fibin	68.3937822904416	2.38799702756204	0.330439790797801	7.22672357889028	4.94785752280051e-13	9.47054449800224e-11
Ebf3	Ebf3	672.724885049924	2.36706002098969	0.283646670793032	8.34510066475226	7.11532511708919e-17	2.20991258023406e-14
Saa1	Saa1	53.181445407373	2.36103870200406	0.292274846537953	8.0781453825773	6.57591820151509e-16	1.83468117822271e-13
9130206I24Rik	9130206I24Rik	410.309133797399	2.34531834590041	0.255538161439217	9.17795734574959	4.39345985051473e-20	2.49381871032148e-17
Dcn	Dcn	128.284774459311	2.30916433436601	0.313501439535612	7.36572163045427	1.7619113894688e-13	3.67124346608177e-11
C1qtnf3	C1qtnf3	109.94177743812	2.25834741729421	0.308409111375694	7.32257035864015	2.43265694247277e-13	5.00549574125554e-11
Pkdcc	Pkdcc	2481.97968597533	2.18079429278171	0.256123785677995	8.5146105700759	1.67151067916957e-17	6.11438606440228e-15
Nkx3-2	Nkx3-2	70.7974913808706	2.17863147255699	0.337107840662991	6.46271373656654	1.0284173328972e-10	1.33297462337172e-08
Foxd2	Foxd2	394.020746195102	2.15083669295098	0.258710034985706	8.31369642491764	9.27662742553128e-17	2.82782526021612e-14
Sema3d	Sema3d	199.359805219304	2.14535495990906	0.35731169058951	6.00415552138682	1.92330283404297e-09	1.96642782305475e-07
A730017C20Rik	A730017C20Rik	119.077254521689	2.10105359045231	0.30910539865186	6.7972076826089	1.06666281329076e-11	1.61085656601644e-09
Ndst3	Ndst3	22.3871700553592	2.08187019305296	0.359637365643054	5.78880392289173	7.08893895650673e-09	6.44701790956118e-07
Ptgs2	Ptgs2	31.756900640501	2.06507179853117	0.366496845697634	5.63462366122216	1.75441033587491e-08	1.44396742694184e-06
Cxcl13	Cxcl13	33.130649660924	2.06361912725102	0.361120910314637	5.71448251349675	1.10038362857129e-08	9.63479516484679e-07
Gpr50	Gpr50	345.008947104692	2.05667185720089	0.232282260308598	8.85419254345343	8.42917720422806e-19	3.65138647259995e-16
Ppp2r2b	Ppp2r2b	216.657930796042	2.02441199219298	0.333513627178166	6.06995285116647	1.27947808223071e-09	1.33300561465821e-07
Epyc	Epyc	9.9842943521954	2.01289913227551	0.432177608789781	4.65757385698947	3.19957652764546e-06	0.000147270557062381
Saa2	Saa2	54.0425166039587	2.00536148973595	0.320009080943943	6.26657682282221	3.69071346784766e-10	4.370707510377e-08
Lrmp	Lrmp	42.0622754490861	2.00398631987226	0.285114427064808	7.02870893101717	2.08453310348729e-12	3.39737617985191e-10
Cldn1	Cldn1	253.529387008267	1.98646197470386	0.355250664495685	5.59171923724293	2.24832170677738e-08	1.80534749342744e-06
Dnm3	Dnm3	38.5798266952765	1.98501158721618	0.296246568516802	6.70053866667355	2.0765264276036e-11	2.97232187172025e-09
Oxtr	Oxtr	39.6692266272745	1.97304695455172	0.402713345875729	4.8993830841667	9.61380372915623e-07	5.25756887659936e-05
Fat2	Fat2	25.2509618178937	1.97255730793159	0.453982957026539	4.34500299493903	1.39273762964618e-05	0.000529465453154868
Fcrl6	Fcrl6	27.1215863642648	1.96528855825898	0.396553130674472	4.95592748168789	7.19860635143858e-07	4.01130221397613e-05
Hdac9	Hdac9	90.9632989229268	1.89163849481078	0.287793598784514	6.57289982404074	4.93446588792256e-11	6.71291264306556e-09
Sdpr	Sdpr	110.210146988239	1.89028448579243	0.280129085030664	6.74790511519185	1.49994979560858e-11	2.20452442727793e-09
Adamtsl3	Adamtsl3	26.214156074279	1.8858333802161	0.415300896956618	4.54088443833315	5.60187320579997e-06	0.00024459531787977
Adamtsl1	Adamtsl1	60.3433571807951	1.8794826926403	0.31414703694663	5.98281209623378	2.19317729276933e-09	2.16178990516622e-07
BC061194	BC061194	10.0277195580846	1.86579679872298	0.457934807886209	4.07437208657571	4.61386638767114e-05	0.00153282047137137
Dnahc5	Dnahc5	10.997046399729	1.8655406307128	0.448608787249315	4.15850220445197	3.20341142037025e-05	0.00110086336932599
Insrr	Insrr	26.5369314799657	1.86174106595132	0.415328381318672	4.48257607640555	7.37473389713279e-06	0.000312070680413118
B3galt5	B3galt5	17.3688979012961	1.8560909340163	0.396420894984988	4.68212184952207	2.83920620627318e-06	0.000133531923889894
Neurod4	Neurod4	58.0941284937271	1.83176319246784	0.427562802501761	4.28419680512383	1.83400519615052e-05	0.000667910609155612
Sox9	Sox9	554.157984892859	1.82716608237812	0.253054622576319	7.22044143582897	5.18190829533844e-13	9.80452786776621e-11
Cdh15	Cdh15	87.8451787084293	1.82143259741951	0.392250278800641	4.64354697972118	3.4247807164849e-06	0.000156164308515396
Nkx3-1	Nkx3-1	1446.29874707407	1.81904978252967	0.386087193455915	4.7114999237533	2.45900189380073e-06	0.000118010583597241
Slitrk6	Slitrk6	359.353709341058	1.80354138148729	0.335770747349864	5.37134755103619	7.81504210033129e-08	5.61761607046084e-06
Itih5	Itih5	787.314026212294	1.79696915652355	0.277798273835313	6.46861167175158	9.8907410196261e-11	1.29215466606401e-08
Ankrd1	Ankrd1	16.5344177719097	1.79594062412774	0.412790155052771	4.3507351184239	1.35681878747419e-05	0.000520891789373941
Klhl14	Klhl14	55.0435091743911	1.79175145823821	0.291958839599508	6.13700020419326	8.40942779298203e-10	9.4168429183862e-08
Rem1	Rem1	12.1561477375186	1.77387208351506	0.424724912909458	4.17651997704502	2.96002757766529e-05	0.00102148876217921
Cpa5	Cpa5	37.5309333584228	1.75392783009617	0.359267188276973	4.88195940883976	1.05036880653504e-06	5.6688921063519e-05
Gdf6	Gdf6	49.2481349042306	1.73326316963478	0.387426047036366	4.47379101868204	7.6844849211943e-06	0.00032268955685658
Lrrc32	Lrrc32	180.865374102171	1.71642458966937	0.225041278500547	7.62715445408917	2.39991995381615e-14	5.64358319425252e-12
Mobp	Mobp	6.38371919333925	1.70750550759377	0.448896772416286	3.80378209984167	0.000142503541606981	0.00411535227788159
Slc1a3	Slc1a3	414.15982787612	1.70403635245049	0.32890059700503	5.18100717349696	2.20691003859881e-07	1.40262340329633e-05
Ano4	Ano4	51.0616418392456	1.70050161737244	0.303463232729713	5.60364958244227	2.09884821326776e-08	1.71035348705944e-06
Tnfaip6	Tnfaip6	156.909351264441	1.69990823298799	0.330932880813577	5.13671602776031	2.79580928536324e-07	1.7366723262779e-05
Wisp1	Wisp1	260.219703034803	1.68852650707026	0.239306342268023	7.05592042010785	1.71461937835642e-12	2.84881430664921e-10
Tnfsf4	Tnfsf4	5.97625138152902	1.68837750058545	0.458271010382186	3.68423370087799	0.000229391705762802	0.00611005965786647
Sncaip	Sncaip	582.793078160271	1.68761904111947	0.276460913645813	6.10436758984872	1.03208509961716e-09	1.11040214541164e-07
Cpa1	Cpa1	24.4060817469696	1.68195243785975	0.393341080930264	4.27606603887365	1.90224817080925e-05	0.000688195761311892
Chrna4	Chrna4	101.949284410165	1.68061595083707	0.329123643547216	5.10633612560859	3.2846520553126e-07	1.99415011995654e-05
Fez1	Fez1	235.736045570338	1.67727266747452	0.299590107211007	5.59855825377165	2.16141774690522e-08	1.7440734084219e-06
Podn	Podn	42.0450843775644	1.67607199940417	0.33133744729981	5.05850459422288	4.22557071161221e-07	2.51108734598731e-05
Epha7	Epha7	1095.10643771876	1.67303428225557	0.287429573332937	5.82067552359218	5.86102557427172e-09	5.38985150715568e-07
Abca9	Abca9	132.005744035727	1.65989849489549	0.207774946747513	7.98892513692994	1.36120319152505e-15	3.67324028453997e-13
Meox2	Meox2	487.78252932632	1.6578492361491	0.24805026284561	6.68352138445815	2.33267801302011e-11	3.31019075623483e-09
Btbd17	Btbd17	54.1970937284387	1.65148410190356	0.408635228469447	4.04146286674606	5.31187933662443e-05	0.0017383468341983
Tdo2	Tdo2	66.8507346433263	1.63532546540709	0.313116500896042	5.22273805668913	1.76296692674237e-07	1.14252750319316e-05
Il31ra	Il31ra	14.1391956467876	1.62530132823402	0.428134043149811	3.79624408345706	0.000146904864118291	0.00421289367291147
AB099516	AB099516	4.12348219645779	1.62505335188935	0.458817189942763	3.54183188317786	0.00039735863852692	0.00984576537623331
Rab3il1	Rab3il1	498.666976895702	1.62309294861018	0.206637408477938	7.85478757484259	4.0045026203345e-15	1.02997058802072e-12
2610034M16Rik	2610034M16Rik	16.1138090443439	1.62250723940436	0.436423269678509	3.7177376921253	0.000201014826473424	0.00547798811297274
Irs4	Irs4	115.405837369251	1.61547076406354	0.340799949339538	4.7402318198529	2.13473833795808e-06	0.000105209364614156
Hhip	Hhip	430.026005159723	1.61382906206329	0.27925531193035	5.77904517163061	7.51257560304257e-09	6.75762333342534e-07
Pax8	Pax8	148.259018471759	1.61140822299649	0.340333827292163	4.73478712303598	2.19285136001365e-06	0.000106794456323032
Mybpc1	Mybpc1	80.4319947352935	1.59418858668023	0.454086084369052	3.51076291821482	0.000446822706104331	0.0108336545378476
Mab21l2	Mab21l2	271.017737823327	1.58784718111088	0.356269711202675	4.45686829719742	8.3165661362259e-06	0.000343105251048658
D030025E07Rik	D030025E07Rik	57.7280133464739	1.58621312423789	0.369465460942382	4.29326497852329	1.76064670723786e-05	0.000646919764460769
Adra1a	Adra1a	92.402591649771	1.58534629635552	0.331576714042253	4.78123531965968	1.74221277633527e-06	8.87881254218415e-05
Rasgef1c	Rasgef1c	8.18352080128478	1.58399043484842	0.420984985596465	3.76258177617467	0.000168168294084877	0.00471587442748068
Igsf5	Igsf5	50.5134692382299	1.56819939468084	0.363420800267087	4.3151063272337	1.59526101457127e-05	0.000594998496996848
Adh1	Adh1	141.880815008285	1.56776240738629	0.251014086238495	6.24571485560664	4.21866182188553e-10	4.96024230357555e-08
Angptl1	Angptl1	54.5365470858816	1.55264226940683	0.358961567950784	4.32537187273405	1.52274757458519e-05	0.000574907060212082
Fam65b	Fam65b	17.9568499994644	1.51519835374207	0.371952717407277	4.07363162797645	4.62856720872296e-05	0.00153301498637402
Col3a1	Col3a1	10485.5815734447	1.51328403628758	0.285612426286718	5.29838304292978	1.16832674613073e-07	8.04678935902007e-06
Upk3b	Upk3b	122.423286917417	1.50810566655733	0.370166310747862	4.07412998635789	4.61866808699472e-05	0.00153282047137137
Pou3f2	Pou3f2	223.296729883955	1.50250006105368	0.405019654835123	3.70969666068508	0.00020750771898162	0.00561806671407311
Mc2r	Mc2r	19.9047273639102	1.49833445784294	0.44337365527778	3.3793944227566	0.000726457035654835	0.0160297711312523
Olig2	Olig2	112.965286596098	1.49036713244794	0.328400612326845	4.53825929826414	5.67204894921967e-06	0.000245704204613434
Ptx3	Ptx3	115.095585612784	1.48773498639104	0.335598920693328	4.43307440714488	9.28987873827379e-06	0.000378194907543802
Pax9	Pax9	146.715190517643	1.47969054280491	0.449579276874243	3.29127835493809	0.000997331745358428	0.0208074497596262
Ndst4	Ndst4	7.10196627770483	1.47442130201437	0.444564315797755	3.31655342010204	0.000911351626811275	0.0193035181493658
A430088P11Rik	A430088P11Rik	3.04294232747489	1.45517582811768	0.457756642819308	3.17892891549383	0.00147820337598308	0.028967506871497
Itga9	Itga9	2552.92627716783	1.44983886389874	0.22691846796456	6.38925018709881	1.66701127029015e-10	2.06320846016888e-08
Myt1	Myt1	22.2882046845526	1.44776440192689	0.450344589588717	3.21479248423764	0.00130538852982302	0.0260460613205051
Nkx2-2	Nkx2-2	7.40202107379806	1.44562161835016	0.449578770316814	3.21550240757908	0.00130216402534453	0.0260132548800926
Prrt4	Prrt4	282.871668139895	1.44501834430116	0.276214353627454	5.23151069205527	1.68130308334303e-07	1.09391027885018e-05
Sh3bgr	Sh3bgr	291.823187961808	1.44435110160116	0.176890976725046	8.16520507909352	3.20889592915435e-16	9.26695366487889e-14
Nhlh1	Nhlh1	40.9023028228591	1.44180566072744	0.401740003289479	3.58890239687813	0.000332073127422849	0.0085144170568653
Zfp185	Zfp185	174.780411495079	1.44160685091042	0.176025046943937	8.18978251072166	2.61698648200734e-16	7.83240263278597e-14
Lmod1	Lmod1	24.5666740415212	1.44100290175465	0.315168329167088	4.57216911852426	4.82701091696531e-06	0.000214170961466754
Nr2f1	Nr2f1	1167.87216329414	1.43780755237746	0.277746874013983	5.17668311293065	2.25865364164868e-07	1.42998836904534e-05
Krt80	Krt80	1.28993951931999	1.43489246859238	0.423176387081796	3.39076685844249	0.000696973637823149	0.0155038960164958
Vit	Vit	13.7284231712192	1.42087596422818	0.445535969113551	3.18913861669842	0.00142697434054618	0.0280973978704912
Nefm	Nefm	123.919647000661	1.4162396172178	0.291074946633791	4.86554969294423	1.14139127321084e-06	6.10014342478039e-05
2610017I09Rik	2610017I09Rik	40.5766166603491	1.41508947013354	0.415344640525505	3.40702475020055	0.000656751713306308	0.0147285966658517
Postn	Postn	1341.49846401324	1.40423501489574	0.393409069826836	3.56940173116453	0.000357797397410233	0.00903328674657952
Adamts2	Adamts2	108.736045298301	1.40398599631806	0.297020636114456	4.72689714319054	2.27976670501102e-06	0.000110699822215889
Pax2	Pax2	152.392663339958	1.39644842135462	0.377178795906211	3.7023513424171	0.000213610525463071	0.00575489829729559
Nkx2-6	Nkx2-6	4.21479949506442	1.39318180713827	0.460424545174448	3.02586345958253	0.00247924232200293	0.0447532854272042
Ror1	Ror1	253.362123961334	1.38712428292315	0.216165634207504	6.41695100152512	1.39030645564287e-10	1.73377534593464e-08
Prss23	Prss23	192.845651992351	1.38573014368316	0.206057524478514	6.72496744387346	1.75631706976751e-11	2.55847214915425e-09
Angpt4	Angpt4	46.1057145292994	1.38559751285212	0.263847334965387	5.2515122543644	1.50855494820808e-07	9.93292920098129e-06
Tmem100	Tmem100	119.988344317835	1.37026904194739	0.18469843121765	7.41895333335377	1.1804949417301e-13	2.49129836356655e-11
Myf6	Myf6	8.91848826210309	1.37009488184147	0.459320214456427	2.9828752114968	0.00285554395294945	0.0496358067682164
Ntsr1	Ntsr1	46.8920913263102	1.36416554140082	0.273684081080009	4.98445337418809	6.21372268989104e-07	3.55153087494085e-05
Srpx	Srpx	25.4574275459695	1.35985112639309	0.365641080700274	3.71908737330255	0.000199943885777054	0.0054672363850101
Pag1	Pag1	539.471039977061	1.35863248639832	0.299332105171078	4.5388799361225	5.65538237935171e-06	0.000245628626244086
Samd5	Samd5	51.8231345368917	1.3575072338212	0.377148646949519	3.59939574170844	0.000318957478804602	0.00821652434836082
BC024139	BC024139	40.7122714797627	1.35750549224245	0.378707190993386	3.58457807120477	0.000337623564249132	0.00862984703587726
Cd36	Cd36	501.119978463939	1.35580548539302	0.223183650435803	6.07484232265931	1.24109609716498e-09	1.30959505483543e-07
Kcna5	Kcna5	54.6192472191855	1.35171498286279	0.306583455088951	4.40896258563792	1.0386696546834e-05	0.000413984048080956
Pi15	Pi15	17.4313040810235	1.35097309602107	0.378286825960113	3.57129300654928	0.000355223228012146	0.00900463320583106
Agmo	Agmo	16.1524858961386	1.34952291665126	0.429382884141612	3.1429359820644	0.00167262416949589	0.0319409123597121
Prdm8	Prdm8	43.4859318501576	1.34818507234047	0.387646687501422	3.47787074108694	0.000505413582555944	0.0119192163072398
E130203B14Rik	E130203B14Rik	54.9563464538488	1.34754186711671	0.263749940883177	5.10916462238595	3.23586323880514e-07	1.97279795459154e-05
Ntrk1	Ntrk1	19.7241549214211	1.33906256283088	0.444126335437349	3.01504877325559	0.00256937934512001	0.0460724982571029
Fam162b	Fam162b	25.2352333838377	1.33098319171411	0.353120242608538	3.76920672086649	0.000163767212565725	0.0046002936621918
Grem2	Grem2	44.7493049575961	1.3282720014046	0.376583027696853	3.52716905360337	0.000420028487178254	0.0103195357125989
Arhgap40	Arhgap40	1.78835484866873	1.32592018425025	0.443595318200832	2.98903106017444	0.00279863680281229	0.0489048412007358
Msx3	Msx3	46.5499862784591	1.32558861221419	0.380863127421924	3.48048555182315	0.000500505818162057	0.011820410721328
Stmn4	Stmn4	53.2944371480789	1.31921287869779	0.313517614492284	4.2077791413224	2.57892734731925e-05	0.000905154009898128
Gm10578	Gm10578	2.11246091653015	1.31622378570519	0.441496061301318	2.98128092428638	0.00287045342482111	0.0497374040273477
Sorcs1	Sorcs1	25.0877048843215	1.30498322170217	0.368893007894352	3.53756561868992	0.000403833826666522	0.00995136021071501
Myl7	Myl7	52.0843934031064	1.29590673098591	0.41203848640735	3.14511089069663	0.00166023886499734	0.0317781301822339
Nkx6-1	Nkx6-1	92.3565597387468	1.29490413335416	0.324056132951299	3.99592540206225	6.44420254011005e-05	0.00205976734005343
Sdk1	Sdk1	163.231813080472	1.28498431401762	0.226920553391575	5.66270571269162	1.49004579844715e-08	1.27086237762894e-06
Lrrtm1	Lrrtm1	22.5903464314579	1.28382278328083	0.376478679025638	3.41008098148741	0.000649435928686212	0.0146043235274641
Ibsp	Ibsp	31.5566548054991	1.28042403633069	0.297181172172525	4.30856378609124	1.64318088998068e-05	0.000609198212386755
Sox2ot	Sox2ot	36.7993664871402	1.27462742273142	0.386188124609209	3.3005350022641	0.000965006754386689	0.0202614492142338
Tagln	Tagln	1020.58060506869	1.27343339751091	0.243160179660435	5.23701454444234	1.63194836756207e-07	1.07025904694977e-05
Eya2	Eya2	197.837020928669	1.27134244370163	0.240364824490172	5.28922002792304	1.22839051201932e-07	8.35559347865704e-06
Sowahb	Sowahb	65.5448080279452	1.27128485514655	0.318634699929201	3.98978785244992	6.61324182107371e-05	0.00210155547522576
Gm12830	Gm12830	7.86209895880861	1.26265705026549	0.423467477828365	2.98170961496422	0.00286643742107757	0.0497201542553824
Rxfp3	Rxfp3	100.701318630136	1.25241181046783	0.287369067893453	4.358199786945	1.31136648674164e-05	0.000506723092447279
Sec16b	Sec16b	45.5589990240262	1.24620672315226	0.324436211821194	3.84114558654471	0.000122461452841156	0.00365188038988817
Asb4	Asb4	1821.05996711138	1.22826153424055	0.274783176498255	4.4699298912441	7.8245241046151e-06	0.00032773407451926
Crym	Crym	64.1069183566948	1.22200779532519	0.369009295644639	3.31159081830285	0.000927671234722735	0.0195774310189371
Tgfb3	Tgfb3	258.217676971186	1.22059768107287	0.178705142576354	6.83023254661712	8.47770938628474e-12	1.29214420562623e-09
Ppp1r3d	Ppp1r3d	34.1505901314134	1.2186863849452	0.287930686704595	4.2325686049418	2.31037404162819e-05	0.000824468274459276
Gm11627	Gm11627	18.3355373830976	1.21843609966581	0.340021260560543	3.58341151273058	0.000339135685100427	0.00865505815881881
Ednrb	Ednrb	217.523135309453	1.21676399909664	0.247069490126336	4.92478451497374	8.44533676516962e-07	4.63395628304857e-05
Cpz	Cpz	32.587307098349	1.21485615571086	0.303759832993247	3.99939697009863	6.35040857355441e-05	0.00203770127737386
Bai3	Bai3	67.180852244055	1.20994996009843	0.313143259128757	3.86388633580939	0.000111597165918969	0.00336447060108451
Pou3f3	Pou3f3	148.347511059169	1.20901041538968	0.327465790964677	3.69202050641098	0.000222479521417302	0.00598404477459185
Nos1	Nos1	17.6901876576492	1.20029008720261	0.360753858351	3.32717186363333	0.000877322466681904	0.0188079597475432
Cttnbp2	Cttnbp2	420.420038035154	1.20024706116223	0.223983994580201	5.35862869760754	8.38559921580309e-08	5.92426389233196e-06
Nefl	Nefl	159.418283914473	1.19839475628959	0.21178494332156	5.65854558635941	1.52661168873409e-08	1.29533788702329e-06
E030013I19Rik	E030013I19Rik	12.1381935155849	1.1981588837982	0.383551273047808	3.12385583882251	0.00178497887599133	0.0337607792218743
Ppargc1b	Ppargc1b	54.0050474961219	1.19723266633288	0.320064416819835	3.74059909011007	0.000183582151179055	0.0050960300009417
Neurog2	Neurog2	81.2053708042826	1.19022517713072	0.327575631567475	3.63343625847687	0.000279671560889661	0.00729583766054629
Edaradd	Edaradd	55.8322452502858	1.18872769369102	0.27997767274192	4.24579460943936	2.17820094772523e-05	0.000781162653605773
Cysltr1	Cysltr1	95.9780997269823	1.18583335180721	0.242381422477329	4.89242673669894	9.9600196790534e-07	5.41095326524416e-05
Ahnak	Ahnak	1344.38362276326	1.18099782645725	0.264606397305964	4.46322476886931	8.07352835081677e-06	0.000334756549578828
Cdon	Cdon	1733.62797733165	1.177667637333	0.165960241901392	7.09608291624891	1.28342494939104e-12	2.18303738026562e-10
Tdrd7	Tdrd7	218.022907395968	1.17614727561099	0.22817984691605	5.15447482109895	2.54342731063877e-07	1.59191471332414e-05
Gpx6	Gpx6	61.5455891502196	1.1759532746174	0.381487575783576	3.08254671781115	0.0020523751233302	0.0378321913831337
Kynu	Kynu	21.2629636645221	1.17117405349551	0.374796698768016	3.12482489132175	0.00177910933508293	0.0337007120423477
Dkk2	Dkk2	77.6196945874153	1.16588731049519	0.286005220904327	4.07645464236192	4.57275703024561e-05	0.00152372780313508
Wnt2b	Wnt2b	89.2849348638658	1.16238834510333	0.269537336135431	4.31253184352641	1.61395628243867e-05	0.000599714094023092
Tnni2	Tnni2	36.0848563675952	1.1577190021252	0.305384668344704	3.79101874498305	0.000150030629213127	0.00428107692880595
Fst	Fst	903.294131652615	1.14761359296982	0.285695864676368	4.01690655995256	5.89670911710568e-05	0.00191451141571354
Fzd4	Fzd4	688.248940451219	1.14712104418022	0.203031756685839	5.64995872027655	1.60486371066019e-08	1.34783987454986e-06
Fgfr3	Fgfr3	426.794640080047	1.1432736465615	0.245476741870415	4.65736035866494	3.20289529362326e-06	0.000147270557062381
Lbh	Lbh	740.089331871459	1.14096161100212	0.261327295335213	4.36602540709944	1.26527768790114e-05	0.000493309126698173
Stard8	Stard8	859.956401139291	1.13849461784832	0.222983498451345	5.10573484475462	3.29511471130659e-07	1.99415011995654e-05
Tgfbi	Tgfbi	1000.39336296162	1.13628193995122	0.213122193413834	5.33159837438809	9.73520593384532e-08	6.76165505810244e-06
Foxd1	Foxd1	1109.39412017224	1.13548946068366	0.234906137345684	4.83380074064518	1.33950666719337e-06	7.0446067887125e-05
Wnt2	Wnt2	435.08534281349	1.13065370597966	0.329574370810616	3.43064815142854	0.000602141064244448	0.0136715090462453
Plcg2	Plcg2	288.599152268147	1.12970346650056	0.188292179356566	5.99973652841554	1.97637946696256e-09	2.0032515359711e-07
Ptprv	Ptprv	66.3413300992848	1.12849801824368	0.302109227817044	3.73539738060266	0.000187418996396344	0.00517634916053727
Bmper	Bmper	77.2090709098327	1.10870735497887	0.249004134711533	4.45256604378591	8.48501296414644e-06	0.000349179496007036
Bmp5	Bmp5	491.744901713653	1.1073861295385	0.228793096721134	4.84012037691958	1.29760505072924e-06	6.84611433976091e-05
Col1a2	Col1a2	3854.86132968813	1.10733319575329	0.216701023963209	5.10995829877246	3.22229927815635e-07	1.97183153969263e-05
Ccdc42	Ccdc42	74.911595858351	1.1018352733181	0.24033803781982	4.58452304642739	4.55023899695904e-06	0.000202436443591737
A830082K12Rik	A830082K12Rik	87.9301585279558	1.09729170583207	0.260346575589755	4.21473454508248	2.50072148410578e-05	0.000881464161667351
Tmem200b	Tmem200b	251.013896743611	1.0969110409008	0.316613212133666	3.46451442600479	0.000531189648613867	0.0124592688839989
Col12a1	Col12a1	128.238183182444	1.09657979791873	0.318646950490493	3.44136291350274	0.000578791670223699	0.0133251603965767
Lrrn1	Lrrn1	663.530064769456	1.09526100465467	0.252046909753774	4.3454649204969	1.38980982268138e-05	0.000529465453154868
Camk2a	Camk2a	282.78839875066	1.09485274685487	0.236949120283095	4.62062380964653	3.82587947429214e-06	0.00017207049733968
Tmem215	Tmem215	22.3809466107442	1.09277062383632	0.347521639100079	3.14446785721342	0.00166389188963957	0.0318110620155134
Il1rap	Il1rap	307.653813515205	1.08376108824916	0.291192963567302	3.72179696573842	0.000197810050164643	0.00542953298666829
Hapln3	Hapln3	263.109789400308	1.08342635762147	0.263442548137692	4.11257166042593	3.9127595886537e-05	0.00131983474567272
Ak5	Ak5	37.0617825547474	1.08235211409368	0.296333934621927	3.65247441361913	0.000259725482005544	0.00684054585486921
Ndrg1	Ndrg1	239.293071574229	1.08067398396086	0.199127608590869	5.42704244583797	5.72955065807313e-08	4.24838438660098e-06
Thsd7a	Thsd7a	122.794634328584	1.07571474323483	0.25960239575363	4.14370114001456	3.41745054451289e-05	0.00116710899197566
Atf3	Atf3	363.113542898806	1.06307663721409	0.274482269840453	3.87302479621734	0.000107492886412751	0.0032586379433523
Ankrd33b	Ankrd33b	42.7809954466434	1.06155011634975	0.250673223617887	4.23479660503315	2.2875866410738e-05	0.000818607906493823
Arhgdib	Arhgdib	93.3016019735828	1.0530593026564	0.227966791157079	4.61935397393383	3.84936676429913e-06	0.000172655112553482
Dock5	Dock5	1049.12927709148	1.05198748837042	0.202246674591268	5.20150697407731	1.97679053056447e-07	1.27109175482898e-05
Cdkl1	Cdkl1	30.4111019932208	1.05191195181294	0.332747425508596	3.16129253353385	0.00157070665823	0.0304181203542636
Wnt9a	Wnt9a	49.1085768229359	1.04762428728978	0.276781063273565	3.78502876930683	0.000153690797923551	0.00436190383555099
St6galnac5	St6galnac5	30.8274458202371	1.04604203323607	0.304209495147087	3.43855813156097	0.000584820959118336	0.0133993331376336
Aff3	Aff3	975.688934600167	1.04579427196368	0.148886360897108	7.02411064158127	2.15434046764105e-12	3.44297072212033e-10
Pde11a	Pde11a	36.9844037288102	1.04215743658883	0.272509740397329	3.82429426217694	0.000131147206188611	0.00384130633642479
Cryab	Cryab	23.0085093609632	1.03953774253091	0.296567515603639	3.50523131441086	0.000456210724609085	0.0109790712540792
Sepp1	Sepp1	2287.98468161302	1.03876470235711	0.267041793400329	3.88989561944664	0.000100287349470575	0.00305709270302803
Chl1	Chl1	32.0500811340764	1.0387302103605	0.328143369863454	3.16547675728671	0.00154829031070368	0.0300902087420228
Thbs1	Thbs1	449.354257828297	1.03466477248551	0.265723820633571	3.89375995730657	9.87023226771633e-05	0.00301435794728903
Cav1	Cav1	35.4140175877124	1.03291542556854	0.301036022748765	3.43120207388128	0.000600912790258206	0.0136624660779563
A430110N23Rik	A430110N23Rik	299.208254852155	1.03262898134325	0.192510460719028	5.36401490852174	8.13921816041393e-08	5.79998572028457e-06
Dusp23	Dusp23	122.111614237884	1.02882150142843	0.268013197510142	3.83869716486444	0.000123688870967098	0.00368181284808211
Mme	Mme	151.966919185439	1.02830771894323	0.245129679704606	4.19495395328053	2.72927027230636e-05	0.000953853884340446
Brsk2	Brsk2	78.0723408773271	1.02767020250182	0.254243405177249	4.04207220944576	5.29809107684682e-05	0.00173728839075648
Loxl1	Loxl1	122.345037792358	1.02382537061749	0.340906756875402	3.00324164883503	0.00267120238233834	0.0473311759049208
Sfmbt2	Sfmbt2	146.634192928502	1.02111749399944	0.261436699666013	3.90579247406323	9.39170879189214e-05	0.00290050503608511
Arhgef26	Arhgef26	448.015198366019	1.01968602733016	0.158726373720648	6.4241751602337	1.32586464279e-10	1.66603495305086e-08
Foxp2	Foxp2	412.179732953447	1.01524987521408	0.30542243133646	3.32408418979434	0.000887094113797338	0.0189382431165881
Rdh10	Rdh10	951.002964424567	1.00283635909533	0.190961365657617	5.25151438691195	1.50853747924933e-07	9.93292920098129e-06
Col2a1	Col2a1	3146.79238961608	1.00071857669936	0.220445348871017	4.53953137058419	5.63793922821253e-06	0.000245518829723827
6330403K07Rik	6330403K07Rik	883.472107177737	-1.00563304240409	0.171274114526155	-5.87148294525572	4.31914034311398e-09	4.08605570045973e-07
Spry2	Spry2	688.797290877075	-1.00700314376483	0.115183231296013	-8.74261932430855	2.27767114586845e-18	9.14457188588794e-16
Socs2	Socs2	457.033178871125	-1.00838189234203	0.173914835995894	-5.7981361197146	6.70560151493434e-09	6.13227258540745e-07
B3gnt2	B3gnt2	166.440326161151	-1.01627690001707	0.185027970328933	-5.49255822355065	3.96152884077478e-08	3.0330570347904e-06
Ddx43	Ddx43	14.4732706541232	-1.02394477410115	0.335757480464126	-3.04965587865897	0.00229103707936749	0.0416255644188391
Abca8b	Abca8b	183.389691015356	-1.03183604051418	0.212614457250603	-4.85308503409053	1.21555538147155e-06	6.45459907561394e-05
Gpc4	Gpc4	164.865936007689	-1.03280908180773	0.295346223073086	-3.49694359068254	0.000470621335755306	0.0112111400982172
2010011I20Rik	2010011I20Rik	244.019054363654	-1.03288438835391	0.180389997883415	-5.72584068115273	1.02922777130822e-08	9.15790180729975e-07
Laptm4b	Laptm4b	3185.90237059022	-1.03762676105116	0.144966952024272	-7.15767798496191	8.2055020033526e-13	1.46816052692595e-10
Ypel3	Ypel3	358.716402425177	-1.04384775719799	0.272016676342206	-3.83744030415544	0.000124323443385278	0.00369402202448567
Lpin3	Lpin3	29.151087277698	-1.04597686504147	0.315042241165053	-3.32011625226307	0.000899799703329482	0.0191117456987182
Car3	Car3	78.3131170608202	-1.04765365390842	0.237178837820889	-4.41714641801046	1.00012485485503e-05	0.000399588719314773
Trim9	Trim9	65.4976527130949	-1.055735983499	0.350674274798928	-3.01058862702244	0.00260741841987451	0.04645098983718
2310030G06Rik	2310030G06Rik	24.1439213613927	-1.05651233672386	0.314825934844024	-3.35586182646386	0.00079118086642861	0.0172674865446305
Rbm24	Rbm24	179.802224391303	-1.05657240930017	0.239168399264277	-4.41769235630782	9.97602764652673e-06	0.000399550829901403
Anxa11	Anxa11	219.915270433552	-1.05759699472946	0.240177098424614	-4.40340482779798	1.06565044503018e-05	0.00042371188346961
Sema4g	Sema4g	485.477433142406	-1.05820797944663	0.223487065998183	-4.73498533223945	2.19070941730903e-06	0.000106794456323032
Stac	Stac	16.3517784351961	-1.06379998978179	0.337035803337431	-3.1563411935697	0.00159761857923349	0.0307583619096638
Mllt3	Mllt3	3042.43681358666	-1.06968613240835	0.125884849586867	-8.49733813019498	1.93987738411706e-17	6.94180904781541e-15
6330403A02Rik	6330403A02Rik	180.609718999589	-1.0719348118136	0.238785854765176	-4.48910515603091	7.15229862630475e-06	0.000303438112596914
Lama1	Lama1	2845.00823022481	-1.07991126986326	0.165963207869697	-6.50693176954697	7.67012277879213e-11	1.01820879888466e-08
Gadd45g	Gadd45g	429.31301420293	-1.08145030767597	0.348315070034079	-3.10480481814973	0.00190404624435005	0.035535720213431
Stox1	Stox1	24.6182248341511	-1.08184708513717	0.318943786973352	-3.39196789316218	0.000693925710875155	0.0154569839333098
Tnfrsf19	Tnfrsf19	3402.71875561067	-1.08785128587565	0.144281974896721	-7.53975877204585	4.70841608515414e-14	1.04736806996922e-11
Dennd2c	Dennd2c	37.3300215710075	-1.08995241852053	0.309524871633058	-3.52137265341531	0.000429318820736747	0.010516394506172
Gch1	Gch1	52.968140100346	-1.09956876581139	0.354643403310859	-3.1004912414727	0.00193199927518001	0.0359758371818304
Rep15	Rep15	18.462921230966	-1.1141587596266	0.340276823162233	-3.2742716629143	0.00105934714754854	0.0218794396434083
Ceacam1	Ceacam1	44.4147917341338	-1.12236616874074	0.268573882181336	-4.17898479042328	2.92813265339124e-05	0.00101473666542049
Cmklr1	Cmklr1	79.4822625631171	-1.12536018765215	0.293730226360946	-3.83127130494657	0.000127482836818964	0.00376074368615944
Limch1	Limch1	1532.13999228952	-1.12583652192957	0.154002403469882	-7.31051267099051	2.66125051375003e-13	5.40825243294311e-11
Lrrtm3	Lrrtm3	23.3851758663745	-1.12642560635841	0.302974988125485	-3.71788316034813	0.000200899142232582	0.00547798811297274
Cebpa	Cebpa	22.5494058945468	-1.13145587077829	0.307441343171915	-3.6802333059858	0.000233020656643521	0.00616600394679076
Vstm2b	Vstm2b	71.3448392610971	-1.13751967232594	0.295274990266791	-3.85240778874685	0.000116962027613488	0.00351334294990077
Tmem56	Tmem56	40.5139466807627	-1.13805582826692	0.378549380507384	-3.00636029767514	0.00264395513285774	0.0470001570647638
Ifitm1	Ifitm1	2591.40246773159	-1.14074535448092	0.236259654496278	-4.82835445143214	1.37665897697376e-06	7.1940264825286e-05
Cyp4f15	Cyp4f15	26.7947976792976	-1.14206330168935	0.372203053472577	-3.06838778197582	0.00215217142344537	0.0394070008913619
Cxcr4	Cxcr4	405.731120522067	-1.14699239462861	0.245684993744734	-4.66854884845074	3.03334660538655e-06	0.000140653291468361
Abca1	Abca1	369.532737302684	-1.15459234402557	0.191941214153764	-6.01534354732498	1.7950559753175e-09	1.85839096916361e-07
Igfbpl1	Igfbpl1	227.978797033868	-1.16454048839909	0.238599970021162	-4.88072353192585	1.05697332580588e-06	5.68589474382047e-05
Aox1	Aox1	15.9230654267922	-1.16826689973939	0.38734417815124	-3.01609515680713	0.00256052890543297	0.0459638672980722
Dmrta1	Dmrta1	24.6071863958218	-1.17076976834984	0.387194453008022	-3.0237255705871	0.00249682815158744	0.0450167450200228
Naaa	Naaa	1630.7662057137	-1.17379003886699	0.18619271128233	-6.30416749819563	2.89747019980241e-10	3.5070041881579e-08
Epb4.1l3	Epb4.1l3	2684.59642987232	-1.17568941073136	0.135517125757369	-8.67557811723609	4.11454843216961e-18	1.6126090890939e-15
Camk2n1	Camk2n1	98.3577620146543	-1.17588785630463	0.306743327921222	-3.83345862572966	0.00012635406128244	0.0037408528826803
Rasd1	Rasd1	45.847011630964	-1.17652782147299	0.251320650887077	-4.68138140387688	2.84948227210214e-06	0.00013363341219679
Ephb1	Ephb1	146.884309698184	-1.17814110865795	0.270087761533547	-4.36206772927626	1.28838969127911e-05	0.000499016063721068
Glis3	Glis3	52.7603961472873	-1.1914633773132	0.226527617654674	-5.25968263670836	1.44304239379406e-07	9.57819388880809e-06
Nhsl1	Nhsl1	791.142351087846	-1.19168018735867	0.157077968515069	-7.58655207107766	3.28530359732641e-14	7.40813459117672e-12
Itgb8	Itgb8	136.341398220545	-1.19813675045539	0.220981035440986	-5.4218985265609	5.89693556558151e-08	4.35289041905997e-06
Cdhr1	Cdhr1	93.6712927962336	-1.19931557409322	0.25869906492948	-4.63594862401279	3.55304214904449e-06	0.000161120184064522
Ppef2	Ppef2	213.238838142514	-1.20185746547134	0.263002421308598	-4.56975817747749	4.88287305501243e-06	0.000215487864232063
Pcolce2	Pcolce2	223.829903790728	-1.2106962974669	0.196406949684779	-6.16422330986755	7.08299282670513e-10	8.04090654623401e-08
9930013L23Rik	9930013L23Rik	13.4206452650889	-1.21130709513791	0.352629221854779	-3.43507293231858	0.000592394374295208	0.0135135499448804
1700003M02Rik	1700003M02Rik	9.91901589001105	-1.21167215875102	0.388636151382748	-3.11775462586265	0.00182234454827644	0.0342438511520303
Slc4a5	Slc4a5	52.6484393734743	-1.21557678183856	0.346538889633306	-3.5077644045228	0.000451889048684154	0.0109186555922944
Dnahc11	Dnahc11	41.173003649113	-1.21740862061894	0.224741824084758	-5.41692061803241	6.0634244347082e-08	4.44740258668412e-06
Wnt8b	Wnt8b	49.1743535404622	-1.22011799823713	0.338946187692446	-3.59973955318314	0.000318536065602747	0.00821652434836082
Il17rd	Il17rd	2586.98257536543	-1.22127373245205	0.220646654538405	-5.53497507137356	3.11272622966076e-08	2.43884135694347e-06
Slc2a3	Slc2a3	2510.27771826203	-1.22690992498389	0.282495813591123	-4.34310834340252	1.40480809866681e-05	0.000532823643137197
Pik3c2b	Pik3c2b	574.582347955855	-1.23009968080262	0.210146166819189	-5.85354327143645	4.81208978002049e-09	4.52638913536671e-07
Ticam2	Ticam2	13.3752287523917	-1.23189205198886	0.399493106907501	-3.08363781674485	0.00204486373157872	0.0377359886608939
Fam101a	Fam101a	124.96541811221	-1.23215061621147	0.205387890464258	-5.99913954725531	1.98365834617149e-09	2.0032515359711e-07
Tph1	Tph1	18.0309952421607	-1.23264119978302	0.357645904679694	-3.44654079259475	0.0005678128343659	0.0131459452412055
Pla2g7	Pla2g7	98.4785042336122	-1.23339418202438	0.322046089452255	-3.82986852634096	0.000128211741066031	0.00376549342555924
BC039771	BC039771	29.3765490222849	-1.23433504371799	0.288240363363221	-4.28231157259041	1.84961742692546e-05	0.000672109325929803
Sall4	Sall4	2316.58515073442	-1.23578239512014	0.134825771833112	-9.1657728216071	4.91932074695039e-20	2.69923129385168e-17
Gpr30	Gpr30	26.7375709777023	-1.23599973093411	0.351354517313818	-3.51781368967048	0.000435117738509263	0.0106027357897792
Rhpn2	Rhpn2	610.568863378688	-1.24340076074551	0.257661416594144	-4.82571576754178	1.3950134254192e-06	7.26687215057767e-05
Fam131b	Fam131b	135.829915188582	-1.24789994268965	0.221859155903496	-5.62473943258155	1.85788197870373e-08	1.52152215181304e-06
2700046A07Rik	2700046A07Rik	66.2925030764288	-1.25431858442294	0.346794853769741	-3.61688926692022	0.00029816478162123	0.00772927633112925
Cd83	Cd83	78.6445557920542	-1.25646772494543	0.34128756845963	-3.6815513984772	0.000231819041998853	0.00615459798927983
Dock8	Dock8	84.7139546762828	-1.26261406598987	0.259283900084873	-4.86962000176859	1.11813063412653e-06	5.99529262812927e-05
Pmaip1	Pmaip1	146.095277961982	-1.26658290094675	0.206621962576452	-6.1299529108775	8.79050867061396e-10	9.67984944660693e-08
Rnf182	Rnf182	54.9906731511039	-1.27235745048725	0.250595869811883	-5.07732809579976	3.8277955928704e-07	2.29961106767298e-05
Lama3	Lama3	30.916403066893	-1.27704984170623	0.302633842714875	-4.21978530309116	2.44535083505674e-05	0.000863796568580879
Rnf207	Rnf207	12.8232393209176	-1.27900684785039	0.413950350711489	-3.08975906325979	0.0020031892343287	0.0370916737753484
Pion	Pion	35.1893721812593	-1.28495248200146	0.366052061967213	-3.51029980570511	0.000447601712169724	0.0108352526235674
Afap1l2	Afap1l2	96.4930595792696	-1.28825039761476	0.243308207682149	-5.29472642903069	1.19194714953668e-07	8.17526751188474e-06
Sulf1	Sulf1	2367.88298251498	-1.28884158925871	0.135475382612401	-9.51347443650425	1.8439855876077e-21	1.21415387030441e-18
B230323A14Rik	B230323A14Rik	43.7320385254229	-1.29499692595882	0.301750611228383	-4.29161326529573	1.77379684657304e-05	0.000650299997582155
Kif26b	Kif26b	1680.55741479807	-1.2980099786571	0.206334348389243	-6.29080901357465	3.15815696841471e-10	3.76713201862859e-08
Nfam1	Nfam1	102.799334436925	-1.30287400217669	0.212983309853064	-6.11725868602349	9.51987622329036e-10	1.03779259941445e-07
Grin2c	Grin2c	23.3724880832326	-1.30973027933727	0.386406491994537	-3.38951416829661	0.000700165905765046	0.0155329258420464
Pde1c	Pde1c	70.3587851467847	-1.31331165974498	0.280076553099778	-4.68911676186298	2.74386797829283e-06	0.00012958565902826
2700086A05Rik	2700086A05Rik	392.440526156608	-1.31492511475155	0.353727909366543	-3.71733493437462	0.000201335447928346	0.00547798811297274
Serpina3i	Serpina3i	19.5356166592696	-1.3167161356746	0.352813588072875	-3.73204485367676	0.000189931670746348	0.00523696018786538
Capn6	Capn6	3520.50840774929	-1.32037267619827	0.29014480866555	-4.55073686229646	5.34583696081008e-06	0.000234036761201848
Lect1	Lect1	7.21711581148863	-1.32226191933465	0.421155440224809	-3.1396054592785	0.00169175510029789	0.032231459150467
Cited4	Cited4	22.5483706250376	-1.32693951293564	0.430880597002039	-3.0795991329574	0.00207279375817193	0.0381231933556068
Gabrb2	Gabrb2	54.2694618968552	-1.33391030249737	0.297693324071167	-4.48082034308061	7.43566835672914e-06	0.000313842402102867
Elovl7	Elovl7	38.2546812536414	-1.3437374153197	0.264630365801083	-5.07778996281082	3.81850480473349e-07	2.29961106767298e-05
Cd247	Cd247	6.62927951349558	-1.34899416609673	0.444791006034354	-3.03287195063592	0.0024223836507718	0.0438185244784117
Pmepa1	Pmepa1	41.5978640742156	-1.35163519115527	0.340127571837787	-3.97390656644529	7.07033079021359e-05	0.00223849974639842
Chga	Chga	48.9766903898036	-1.35477701248161	0.34422334823496	-3.93574991187659	8.29373063417092e-05	0.00260043999941119
Zic5	Zic5	71.3347135335142	-1.35507845669199	0.326969579890478	-4.14435635616588	3.40769479140476e-05	0.00116619675595247
Ets2	Ets2	2716.1207309216	-1.35869796584283	0.15865767778757	-8.56370763009667	1.09294776909141e-17	4.18395656442179e-15
Gng4	Gng4	16.5272731543667	-1.35998232494973	0.361916535997135	-3.75772364532273	0.000171466096818271	0.00479202617950009
2810011L19Rik	2810011L19Rik	60.5131760135722	-1.36987270344982	0.286835384000079	-4.77581490939572	1.78980961320392e-06	9.0932271737499e-05
Glyatl3	Glyatl3	9.25151319514618	-1.3745212843928	0.404939539909235	-3.39438644272894	0.00068782558839225	0.0153626825108885
AW549542	AW549542	7.92042558058977	-1.378601072024	0.456035493171366	-3.02301266604694	0.00250271768002914	0.0450735620688837
Syt13	Syt13	130.63256172933	-1.38356564525041	0.257908524648967	-5.36455957449855	8.11469744294656e-08	5.79998572028457e-06
Fgf4	Fgf4	49.7925525508676	-1.3891660250637	0.445538137131315	-3.11795087623277	0.00182113154780897	0.0342438511520303
Prhoxnb	Prhoxnb	9.70285459922653	-1.39067091433057	0.464342893734825	-2.9949223582277	0.00274514708378957	0.0482634903871645
Dnajc22	Dnajc22	37.9891469978334	-1.39535413535659	0.278136166727949	-5.01680220796824	5.25386065356872e-07	3.02390909854527e-05
Aqp3	Aqp3	15.9954425814398	-1.39641198950742	0.403070310922954	-3.46443772132436	0.000531341155249816	0.0124592688839989
Foxl2	Foxl2	24.9416851190936	-1.40209794835886	0.400158814356419	-3.50385371521522	0.000458577191241227	0.0110184863428107
Nodal	Nodal	4.1093398386067	-1.40408087173558	0.466045029358583	-3.0127579596075	0.00258885306780343	0.0461702170629601
Pcdhac2	Pcdhac2	18.0719221598492	-1.40561383176583	0.416278449905408	-3.37661926070215	0.000733825514592777	0.0161490665718071
Cd2	Cd2	6.98055030908062	-1.40938596975243	0.452777156581868	-3.112758559624	0.00185347579432054	0.0347099716158252
Bace2	Bace2	16.4690877019255	-1.41937280435399	0.361595645021358	-3.92530392413921	8.66203027004229e-05	0.00270561063140733
Fam5b	Fam5b	5.052784253789	-1.42606835131691	0.464430310709495	-3.07057553831564	0.00213646635814086	0.039162998576121
Ncrna00086	Ncrna00086	139.430880216257	-1.4319696792822	0.199729958295223	-7.16952875524858	7.5256361362383e-13	1.37313018245979e-10
Kcnh5	Kcnh5	12.501175713122	-1.43253592711411	0.399470819492027	-3.58608403220977	0.00033568082899022	0.00859353363298292
Nkpd1	Nkpd1	9.01052470040288	-1.43524753952185	0.465318108008668	-3.08444377044342	0.00203933155482549	0.0376761354926851
Lef1	Lef1	2236.66096468007	-1.44279878298462	0.20838255345946	-6.92379836522787	4.39691635118999e-12	6.89310857685128e-10
Gnal	Gnal	386.983284037322	-1.45326385502252	0.202669096859649	-7.17062382741524	7.46567835730787e-13	1.37313018245979e-10
Hoxb1	Hoxb1	690.918932436958	-1.45673662829544	0.236546589925882	-6.158349730393	7.35068859820756e-10	8.28764965856812e-08
Nkg7	Nkg7	4.17235787602109	-1.45969480398334	0.463239190569194	-3.15106069110815	0.00162678682836797	0.0312104172281645
Acsm3	Acsm3	66.158562718101	-1.46222544263592	0.240382598116329	-6.08290888813964	1.1802142261553e-09	1.25338750817693e-07
Serpina3h	Serpina3h	114.809484889092	-1.4622839444063	0.30814185521364	-4.74548951940487	2.08002684037769e-06	0.000103114122945179
Msc	Msc	10.6348525008267	-1.4683251237385	0.463031913200516	-3.17110998589559	0.00151857634457417	0.0295825860450123
Kcnh1	Kcnh1	14.5311812060828	-1.46864490218183	0.359437005788465	-4.08595909305497	4.38951122035991e-05	0.00147160375149378
Tmprss2	Tmprss2	34.4290536976479	-1.4746384775858	0.426535276294139	-3.45724857835413	0.000545721205967342	0.012742009604863
Cd164l2	Cd164l2	8.536175576676	-1.47496445532315	0.421554404494858	-3.49887093954237	0.000467232679498115	0.0111789493273524
Edar	Edar	8.35287055653426	-1.4755348585727	0.404944431282751	-3.64379590033777	0.000268646479122908	0.00703050825571095
Pacsin1	Pacsin1	31.9402667664273	-1.47576932772972	0.303363851464517	-4.86468417580179	1.14639713919784e-06	6.10706903182385e-05
Sema7a	Sema7a	70.5107015924375	-1.47951970698481	0.22042457523168	-6.71213591057049	1.9179591999422e-11	2.76943213949548e-09
Tacr1	Tacr1	3.11800159377468	-1.47966185316158	0.45965760506989	-3.21905226159938	0.00128615042161844	0.0257773756025205
AW551984	AW551984	362.425114727756	-1.48168771205039	0.185946914647794	-7.96833717223477	1.6082358389869e-15	4.26986615251022e-13
Tmem229a	Tmem229a	79.9750160538299	-1.48546833203601	0.249953605342139	-5.94297621753721	2.7989305578848e-09	2.71018799490245e-07
Nkd2	Nkd2	854.832779017393	-1.48760977202468	0.145170676697166	-10.2473158207281	1.21675554210683e-24	1.11272294325669e-21
Isl1	Isl1	509.480138738468	-1.49195405401506	0.392533833893361	-3.80082919023072	0.000144212690801517	0.00414290593941322
Igfbp7	Igfbp7	6.1892141662203	-1.49993317635066	0.451278304552329	-3.32374315631816	0.000888179556892414	0.0189382431165881
Hoxd13	Hoxd13	272.415247358099	-1.50390090231843	0.46221357483864	-3.25369263082212	0.001139154627285	0.0232349858071492
9630028B13Rik	9630028B13Rik	2.80974586315196	-1.51718019065325	0.464544980224932	-3.2659489505594	0.00109097915177644	0.0223922790740548
Serinc2	Serinc2	87.6336928511471	-1.51738675422455	0.274182547519405	-5.53422078813078	3.12614984700245e-08	2.43884135694347e-06
Arl4d	Arl4d	497.507971552512	-1.51959417968097	0.268724456433695	-5.65484139347741	1.55990251538774e-08	1.31679770798962e-06
Evx2	Evx2	9.10473517965644	-1.52001401826493	0.463045194882767	-3.28264721254642	0.00102837274991981	0.0213085258973505
Magi1	Magi1	1236.66245120466	-1.52038594094118	0.119638264052439	-12.7081912545536	5.32519252559515e-37	1.75315988327643e-33
Wnt8a	Wnt8a	25.2205465073091	-1.52489807813048	0.380093227888805	-4.01190541226001	6.02306338084276e-05	0.00194022791217324
Greb1l	Greb1l	5199.54334874548	-1.52593983297266	0.170687395789209	-8.9399678629881	3.89283563788991e-19	1.83085621243731e-16
Ngf	Ngf	12.6146412208915	-1.5290520413162	0.429679289930262	-3.55858910855204	0.000372852296604454	0.00932754050821568
Hoxd1	Hoxd1	519.277869156324	-1.52913846374428	0.205782307740383	-7.43085487054338	1.07898046595875e-13	2.30663603248662e-11
Wnt5a	Wnt5a	2182.94242244367	-1.53075995958577	0.143804541706671	-10.6447261082211	1.84526138604663e-26	2.33652674428566e-23
Fabp7	Fabp7	132.781165533831	-1.53169738125847	0.462798305482696	-3.30964345182924	0.000934148837668106	0.0196888911867538
Fgf8	Fgf8	190.091652080684	-1.53839066123873	0.430796418060436	-3.57103865478964	0.000355568409196901	0.00900463320583106
Lgi4	Lgi4	36.5413241237687	-1.54111552030457	0.348839058101479	-4.41784107746402	9.96916765862115e-06	0.000399550829901403
Gna14	Gna14	20.2797461109995	-1.54300822686949	0.393297842301573	-3.92325627275204	8.73601383357403e-05	0.00272355158550118
Gm5887	Gm5887	14.9254253277157	-1.55603451904929	0.343569551291836	-4.52902334679698	5.92569518411857e-06	0.000254681118605159
Smpdl3a	Smpdl3a	71.1312833281608	-1.56311157343121	0.255018394006619	-6.12940717284352	8.82071208912605e-10	9.67984944660693e-08
Spry4	Spry4	366.445460975559	-1.56525076137586	0.275373856166509	-5.68409355617772	1.31508276171824e-08	1.13934617582336e-06
BC035044	BC035044	2.65903123416402	-1.56620174543474	0.461718568823294	-3.39211340238331	0.000693557287218232	0.0154569839333098
1700054A03Rik	1700054A03Rik	4.27158523380408	-1.56699821422433	0.464450798569241	-3.37387344160357	0.000741184357101746	0.0162675142696691
Rimbp2	Rimbp2	27.8210897334074	-1.57944349836645	0.318030977489621	-4.96631966745441	6.82354442690077e-07	3.84665632915115e-05
Barx1	Barx1	124.288022821198	-1.58378572027807	0.419214375685784	-3.77798523174971	0.000158102252006067	0.00447168585957365
Mgll	Mgll	25.4169136089866	-1.58641992674576	0.344657635864488	-4.60288634768419	4.16675634543663e-06	0.000186383087506066
Gulo	Gulo	24.752809112144	-1.58953543626546	0.331523324477892	-4.79464133864119	1.62966132768133e-06	8.35696421026865e-05
Hoxd11	Hoxd11	239.765769868884	-1.59266422738739	0.461516003840506	-3.45094040972367	0.000558636898720885	0.0130066789106711
2410021H03Rik	2410021H03Rik	5.41271704862712	-1.59731498619872	0.465889728946872	-3.42852586557208	0.00060686870437937	0.0137409432500534
Ddx58	Ddx58	125.067367987176	-1.60376707554455	0.221296717403468	-7.24713450051122	4.25681206216324e-13	8.34183135181776e-11
Cpeb3	Cpeb3	41.4587724758472	-1.60540927539126	0.283033697358345	-5.67214890090872	1.41017322483839e-08	1.21533306042224e-06
Foxe1	Foxe1	3.40016755732699	-1.60772913782438	0.451342468256081	-3.56210472290897	0.000367893569128344	0.00925977987984966
Nptx2	Nptx2	99.043003810102	-1.60905649175396	0.246649578530788	-6.52365392772446	6.86149252127895e-11	9.25795314694860e-09
Smoc1	Smoc1	3241.02537470056	-1.61680131583276	0.162671117349256	-9.93908041070058	2.81412916270579e-23	2.10560818851363e-20
Ehf	Ehf	2.8900068670197	-1.62492105620155	0.458813850166963	-3.54156932187256	0.000397754326905726	0.00984576537623331
Col4a3	Col4a3	3.63222937268887	-1.6397521385882	0.466528896201766	-3.51479222817323	0.000440098165624745	0.0107008211290235
Foxb1	Foxb1	573.103938199595	-1.64165318435802	0.303085915933512	-5.41646146539569	6.07900845637523e-08	4.44740258668412e-06
Snap91	Snap91	109.318507748585	-1.64937931799228	0.2281496888657	-7.22937351434735	4.85227191739512e-13	9.39685270967541e-11
Dlgap2	Dlgap2	11.1137500352719	-1.65404610219482	0.382618773970293	-4.32296116845339	1.53948838183074e-05	0.000578573476103102
Epb4.9	Epb4.9	95.8473713754756	-1.65427315698753	0.304551772062791	-5.43182903117853	5.57793516826133e-08	4.154678316957e-06
Tcea3	Tcea3	89.1677095090589	-1.65497582650425	0.334665740994101	-4.94516057003104	7.60811272369194e-07	4.21631089917138e-05
Myocd	Myocd	132.073011955323	-1.65601669288683	0.326426805086199	-5.07316392858586	3.91255167007487e-07	2.34198229240373e-05
Notch4	Notch4	206.092269376042	-1.66012020072695	0.317219907654574	-5.23334179434503	1.66472496062028e-07	1.08742212606232e-05
Cldn9	Cldn9	46.0977707067302	-1.6658217456886	0.372837732625105	-4.46795375017371	7.89713738151123e-06	0.000329935985880854
Epha1	Epha1	198.24474455064	-1.69030007083909	0.265130188942426	-6.37535875330343	1.82535152599123e-10	2.2423217514434e-08
Sp8	Sp8	207.753915387141	-1.70727098858548	0.201362298767305	-8.47860299091244	2.27913942843842e-17	7.81602377740102e-15
Arhgap24	Arhgap24	408.731060893417	-1.7178589608589	0.193804280306668	-8.86388555578149	7.72730767782661e-19	3.43781653201902e-16
Notch1	Notch1	3016.31498097615	-1.71824592745513	0.211132798920356	-8.13822360259284	4.01119531150389e-16	1.13841872452872e-13
Prokr2	Prokr2	16.8811878048683	-1.71846872959079	0.335981061594622	-5.1147785575611	3.14109233278025e-07	1.92931048096626e-05
Inpp4b	Inpp4b	27.2923059380725	-1.72676321242048	0.306026253046565	-5.64253293706059	1.67566466810883e-08	1.3912912351928e-06
Chodl	Chodl	18.5236622841925	-1.73589721841216	0.396929547340468	-4.37331317369323	1.22374974875211e-05	0.000478961052205445
Nkx1-2	Nkx1-2	89.7062754853885	-1.74457504163176	0.404303500760237	-4.31501344497716	1.59593189829945e-05	0.000594998496996848
Greb1	Greb1	3535.30935757177	-1.75239300920698	0.243784462595791	-7.18828833695013	6.5608596408088e-13	1.2272535289472e-10
Pld5	Pld5	17.4139760116822	-1.76292659276364	0.3557488561066	-4.95553692584574	7.21308216594943e-07	4.01130221397613e-05
Cpb1	Cpb1	11.1799542379544	-1.77830678842509	0.414047821836196	-4.29493091048941	1.74747748765625e-05	0.000644960244939674
Ddit4	Ddit4	1369.36507015307	-1.78281850348996	0.218100463917399	-8.17429945570938	2.9758986202432e-16	8.74754771211131e-14
Cited1	Cited1	599.139228522638	-1.8002854175685	0.326888483012524	-5.50733816308705	3.64300052939043e-08	2.80221643524747e-06
Lmo2	Lmo2	890.395882132599	-1.80236209268553	0.262068411992144	-6.8774488271389	6.09339001607149e-12	9.37413953780867e-10
H2-Q10	H2-Q10	7.30737502218711	-1.81162164205575	0.462466662758452	-3.91730212779027	8.95454932688268e-05	0.00278640522627251
Hes3	Hes3	64.5946248604273	-1.82034448392683	0.4265127164052	-4.2679723579389	1.97257763316486e-05	0.000712074570603656
Dgkk	Dgkk	417.751641095176	-1.82167779321238	0.268849935085981	-6.77581637737718	1.23705714299336e-11	1.83452230908231e-09
Chrnb4	Chrnb4	40.8360378916317	-1.82439777950234	0.306157983010844	-5.95900770432539	2.53774136083689e-09	2.48653336552e-07
5330417C22Rik	5330417C22Rik	5.28394096431452	-1.83237277102652	0.458914469312169	-3.9928415719228	6.5286190243882e-05	0.00208270538295454
Tceal6	Tceal6	39.2092078152185	-1.83875354572806	0.330066551447449	-5.57085696101144	2.53489382822578e-08	2.00610035127041e-06
Btg2	Btg2	742.984423599316	-1.83998863150833	0.209598181683471	-8.77864787151171	1.65451650614455e-18	6.98333236093472e-16
Clstn2	Clstn2	67.2553889898013	-1.8432837103594	0.344407568805348	-5.35204181706351	8.69672940669781e-08	6.09178139419798e-06
Nod2	Nod2	26.3827762242047	-1.84528570569166	0.330692697809214	-5.58006184568447	2.40433079669653e-08	1.91196566398172e-06
Peli3	Peli3	285.606416391317	-1.88498572906655	0.397264560338698	-4.74491287986891	2.08596093437485e-06	0.000103114122945179
Prrt1	Prrt1	5.73980914998961	-1.93957664016278	0.449519587136314	-4.31477669865054	1.59764312135193e-05	0.000594998496996848
Lor	Lor	38.4624755070404	-1.94218471963465	0.442864993215792	-4.38550065908754	1.15719307727751e-05	0.000456799885972782
Avpr1b	Avpr1b	12.2008493689259	-1.94859961361248	0.419694284967586	-4.64290242542372	3.43548619401514e-06	0.000156219718894153
Rasgrp1	Rasgrp1	14.607372777563	-1.94867890769805	0.394108373547644	-4.9445255125047	7.63295454682627e-07	4.21631089917138e-05
Agtr1b	Agtr1b	8.78665993469516	-1.95662715536817	0.420292397052485	-4.65539507516677	3.23360050282875e-06	0.000148268239211877
A830018L16Rik	A830018L16Rik	45.3856759020593	-1.98180339263811	0.2971197962178	-6.67004830329574	2.55719245613981e-11	3.5977730786767e-09
Kcnj6	Kcnj6	12.6953079051878	-1.9876439257629	0.400195232900316	-4.96668566328975	6.81068474808139e-07	3.84665632915115e-05
Dgkg	Dgkg	12.5603575233038	-1.99434240070595	0.448550968069314	-4.44618904578481	8.7407035951061e-06	0.000357912243480203
Ptprn	Ptprn	132.525296374722	-1.99855954020828	0.345817926087507	-5.77922481584298	7.50455914320306e-09	6.75762333342534e-07
Ajap1	Ajap1	62.4748051430116	-2.00524489234803	0.282065418779113	-7.10914829980753	1.16761233918091e-12	2.04468794843158e-10
Zic3	Zic3	294.594379702513	-2.01214227831938	0.285223061755097	-7.05462688023128	1.73064474008214e-12	2.84881430664921e-10
BC089491	BC089491	27.4981432533253	-2.01222471492353	0.374160867774053	-5.37796677374255	7.53317140425836e-08	5.46271077028621e-06
Olfm4	Olfm4	18.135956856811	-2.01968515151365	0.346933209016536	-5.82153884097438	5.83082508267154e-09	5.38985150715568e-07
Kcnn3	Kcnn3	123.873119771697	-2.02892698797568	0.31113330778027	-6.52108577654617	6.9800251293462e-11	9.34131655724942e-09
Drd2	Drd2	3.0012630961919	-2.03046073893593	0.46213023179005	-4.39369813801401	1.11438527073677e-05	0.000440959037057642
Vwa2	Vwa2	656.699865540162	-2.03224752449668	0.226663403613258	-8.9659269740967	3.07681814205238e-19	1.48963245400954e-16
Cer1	Cer1	185.654336793183	-2.03538380404904	0.416388664485041	-4.88818255070959	1.01771139715543e-06	5.51070635150514e-05
Otx1	Otx1	72.8596696671933	-2.04223104059144	0.466957575140058	-4.37348305138621	1.2227974228277e-05	0.000478961052205445
Myom2	Myom2	8.78655554757757	-2.05321091368251	0.40799815675122	-5.032402425618	4.84371153559521e-07	2.8374496650332e-05
Piwil4	Piwil4	20.582097658775	-2.06353411026403	0.3442832118961	-5.99371110458554	2.05105607715103e-09	2.03388157144476e-07
Slc10a4	Slc10a4	8.66977448613955	-2.06414367245476	0.432880750290824	-4.7683886868797	1.85705233387898e-06	9.34829922568256e-05
A130022J15Rik	A130022J15Rik	703.815704045176	-2.07107891869013	0.177046305823397	-11.6979504828303	1.30568963895012e-31	2.14929571467578e-28
Kcnk3	Kcnk3	40.8822448286111	-2.07236662965544	0.327844877148219	-6.32118045486044	2.59572682602309e-10	3.16505624319749e-08
Gpr133	Gpr133	36.111826972051	-2.08053036129939	0.355754907990937	-5.84821267273251	4.96883016965639e-09	4.64726780810874e-07
Samd3	Samd3	10.9694456205714	-2.08550905545592	0.433188178611708	-4.81432587135599	1.4769762422231e-06	7.62147521104526e-05
Mylip	Mylip	462.083394800404	-2.09572743293188	0.226429411682875	-9.2555442217332	2.13141804349899e-20	1.29945453385322e-17
Col17a1	Col17a1	24.3239285742954	-2.1124396357035	0.388482100712075	-5.43767558873747	5.39801437157916e-08	4.05738422696642e-06
Csmd1	Csmd1	2.04802336924502	-2.11559405985655	0.443077621274305	-4.77477073604402	1.79912097120881e-06	9.11240932525178e-05
Kcnj15	Kcnj15	35.7215069727014	-2.11948263910591	0.302950072326992	-6.99614501764578	2.63101213763383e-12	4.16433565361447e-10
Serpina3a	Serpina3a	11.9113787705763	-2.12919489936651	0.413313507208921	-5.15152508260576	2.58376659654825e-07	1.61103719491594e-05
Evx1	Evx1	253.36733597723	-2.13362962044824	0.331047409061499	-6.44508780931698	1.15533506743156e-10	1.47426128255743e-08
5730457N03Rik	5730457N03Rik	221.524220810292	-2.13807208365932	0.293580938485933	-7.28273468531666	3.2712017884858e-13	6.56673812686156e-11
Rftn1	Rftn1	521.13448528957	-2.14479980558818	0.22704567773642	-9.44655642411352	3.50161039184084e-21	2.21692341000354e-18
Thy1	Thy1	42.665273103587	-2.15231006008839	0.350780037178716	-6.13578263289773	8.47409603000196e-10	9.42514153715286e-08
Ces1g	Ces1g	2.4105700760303	-2.15705442203785	0.461428769011012	-4.67472894388683	2.94342114847039e-06	0.000137646748650486
Agpat9	Agpat9	83.833611851437	-2.17624669240681	0.243668043744267	-8.93119450119937	4.21433411221165e-19	1.92700427280878e-16
Synm	Synm	309.661957099255	-2.17773386414775	0.220965920433951	-9.85551916725861	6.48805130724376e-23	4.64347011167563e-20
Blnk	Blnk	66.0422401488498	-2.19205420930927	0.288269748758679	-7.60417705551309	2.86722492624666e-14	6.62561755352768e-12
Ptprz1	Ptprz1	494.71605642091	-2.2110067546249	0.210336628980627	-10.5117533039314	7.62623632228637e-26	7.38443977065623e-23
Aldh1b1	Aldh1b1	108.068273379774	-2.22333759336605	0.32721282755243	-6.79477516207644	1.08481578141434e-11	1.62337750707831e-09
Prss22	Prss22	11.5564729388555	-2.23876802801688	0.464783555398711	-4.81679698434333	1.45880977254185e-06	7.55140492635579e-05
Kcnab3	Kcnab3	29.3426923588055	-2.24258448070129	0.360089336516296	-6.22785584932144	4.72861826653558e-10	5.52041030393206e-08
Atp1a2	Atp1a2	242.427511901741	-2.25531321652306	0.268219753145109	-8.40845310637101	4.15453449591225e-17	1.31514985263868e-14
Ryr3	Ryr3	100.237289405158	-2.25834069085939	0.2107013729167	-10.7182058645257	8.36094056491907e-27	1.14691202199277e-23
Myl2	Myl2	6.49190683574484	-2.26715448922884	0.449228564824279	-5.04677277170847	4.49335215981072e-07	2.66061402527498e-05
Mpzl2	Mpzl2	130.347867144653	-2.30254302940488	0.293231659913657	-7.8523002259813	4.08475225546734e-15	1.03444779811151e-12
Wnt3a	Wnt3a	81.3224495380635	-2.30847074013109	0.413601786092671	-5.58138484347322	2.38611015192859e-08	1.90668734033478e-06
Rhbg	Rhbg	13.5462549293909	-2.31162975308281	0.464327326037163	-4.97844865778543	6.40959406447235e-07	3.65080719360828e-05
Chrna3	Chrna3	21.6852335378603	-2.31515554585341	0.33494595445504	-6.91202719441763	4.77776233351739e-12	7.41950431811602e-10
Pcdh19	Pcdh19	1350.87776023789	-2.31894285332915	0.220585305707258	-10.5126805518344	7.55160664143391e-26	7.38443977065623e-23
1300002K09Rik	1300002K09Rik	110.069364149488	-2.32565974891658	0.271677726659335	-8.56036222591336	1.12513453627976e-17	4.20928172765935e-15
Hpd	Hpd	5.49538944731226	-2.33215863892599	0.464272895619955	-5.02324960368793	5.08044480629016e-07	2.94469020973036e-05
Gm9899	Gm9899	16.7089509616822	-2.33664252399638	0.417150024614162	-5.60144405159182	2.12573401580325e-08	1.72372944010529e-06
Cdx2	Cdx2	599.645482308351	-2.39120361056565	0.405585696763621	-5.89568032020436	3.7314076820068e-09	3.55044519384473e-07
Lefty2	Lefty2	6.78162968288264	-2.39330836007286	0.463706322277325	-5.16125885090156	2.45294724670054e-07	1.54114368808922e-05
Lypd2	Lypd2	5.80778030261645	-2.40248328305673	0.462408485831554	-5.19558649261446	2.04075424827285e-07	1.30711500703578e-05
Myl1	Myl1	20.2025678004349	-2.43086836804685	0.386056472358124	-6.29666523448897	3.04117079428519e-10	3.654066601805e-08
Dkk1	Dkk1	118.889530042982	-2.44183007062692	0.324787384457315	-7.5182417405373	5.55177808222101e-14	1.21850425348587e-11
Noto	Noto	13.5183199514933	-2.45975465628446	0.444867642546295	-5.52918311209494	3.21725390337246e-08	2.49807625016104e-06
Lhx5	Lhx5	35.2861622301057	-2.50549685990011	0.457345190601098	-5.47834963915787	4.29311178221892e-08	3.25663193765464e-06
Oasl2	Oasl2	12.2403922998225	-2.514709920949	0.405864456513753	-6.19593531926783	5.79399182201145e-10	6.65058519370548e-08
Rspo3	Rspo3	898.204742938574	-2.52504019190142	0.200605181347795	-12.5871135278589	2.48598725141908e-36	6.82030602426824e-33
Sowaha	Sowaha	8.05372022536664	-2.52921576765296	0.421810369260384	-5.99609671068013	2.02116680699829e-09	2.0163895036363e-07
Epha5	Epha5	57.5378677859066	-2.59070255776329	0.346964738732132	-7.46676036080831	8.21932560214997e-14	1.78024103601304e-11
Lfng	Lfng	484.324051497845	-2.61190681380904	0.290768386522719	-8.98277438288484	2.64023549293167e-19	1.31699746815601e-16
Fgf17	Fgf17	150.078669422792	-2.62015900376443	0.457779272563124	-5.72362961978173	1.04271943850893e-08	9.22806703080402e-07
S1pr5	S1pr5	26.9913654177883	-2.62915824232171	0.361628391391712	-7.27033138134843	3.58606686406436e-13	7.11207790956187e-11
Cdcp2	Cdcp2	10.1111545910668	-2.67323625878896	0.457428621270656	-5.84405114695967	5.09463742929971e-09	4.73801280924873e-07
Exph5	Exph5	18.5441141345843	-2.68736233070864	0.382554217638312	-7.02478813931001	2.14391306729983e-12	3.44297072212033e-10
Cpa6	Cpa6	11.9082085430009	-2.74976696631572	0.414097507447304	-6.64038521571069	3.12864397955646e-11	4.32778223088058e-09
Mesp1	Mesp1	39.9851979001118	-2.80027766886481	0.466898369076325	-5.99761715682294	2.00233899540363e-09	2.0097867197158e-07
Spock2	Spock2	482.585275810095	-2.81549175518899	0.206333090306171	-13.645371913013	2.1511324211869e-42	8.85244769628939e-39
Cdx4	Cdx4	727.41665482207	-2.85473165098675	0.399857426156032	-7.13937384739925	9.37570195143729e-13	1.6594992454044e-10
Hes7	Hes7	322.752459886772	-2.93901295188039	0.452987575609402	-6.48806525858142	8.69456222158746e-11	1.14496950983641e-08
Adamtsl2	Adamtsl2	178.683242738668	-2.98396175144938	0.35341610859429	-8.44319678386494	3.08774638284914e-17	1.01654786416159e-14
Pcdh8	Pcdh8	628.475160881769	-3.08836570546793	0.402995193155051	-7.66352988304676	1.80891155594438e-14	4.31543378585514e-12
Dll1	Dll1	2485.76111814927	-3.20930619433227	0.224351432447851	-14.3048170422458	2.04174058988448e-46	1.12030306166961e-42
Fgf3	Fgf3	105.520875560771	-3.24005291669901	0.414551873737358	-7.8157960968517	5.46167267837545e-15	1.34185961132445e-12
Dll3	Dll3	1104.55669102429	-3.24349646681549	0.337524254253923	-9.60966930801771	7.2782359087956e-22	4.99196005394518e-19
Nrarp	Nrarp	1880.53076003449	-3.39680184548476	0.236275689742732	-14.3764339411446	7.2747545328931e-47	5.98748671829767e-43
Tll2	Tll2	55.7304837056202	-3.52995990481255	0.355026965391411	-9.94279378446882	2.7111478404047e-23	2.10560818851363e-20
Pglyrp3	Pglyrp3	81.6512458022701	-3.63361069193394	0.393140563663556	-9.24252297466697	2.40752239410388e-20	1.41536521890514e-17
Tbx6	Tbx6	582.848146962033	-3.63950900797317	0.428633905094306	-8.49094988687939	2.0495494078724e-17	7.1782197453165e-15
T	T	585.634269461903	-3.70336807995733	0.301534239264672	-12.2817497906322	1.13516203995466e-34	2.66941461995623e-31
Gzmk	Gzmk	27.5749079890159	-4.2358898676506	0.418353711177381	-10.1251399341707	4.27366988812025e-24	3.70257263307092e-21
Mesp2	Mesp2	105.884273994947	-4.28137494441317	0.369234238301716	-11.5952815321386	4.35431441024234e-31	6.51603359154538e-28
Sv2b	Sv2b	97.0850635715195	-4.3038509347616	0.405333119067087	-10.6180589058879	2.45615284407069e-26	2.69538213108318e-23
Msgn1	Msgn1	268.032768319216	-4.32260377511752	0.429298154374014	-10.0690015344244	7.57430892718453e-24	6.23403496251923e-21
Gad1	Gad1	127.4690927686	-4.41294630927665	0.29269179390625	-15.0771097828938	2.29079579144492e-51	3.77087895229749e-47
Ripply2	Ripply2	92.4457867444226	-4.42550768759328	0.370724698781306	-11.9374503564002	7.55022453543266e-33	1.38093606753063e-29
